[[659128,991726,7],
[659127,991726,7],
[659127,991726,7],
[659127,991725,7],
[659126,991725,7],
[659126,991725,7],
[659126,991724,7],
[659125,991724,7],
[659125,991724,7],
[659125,991723,7],
[659124,991723,7],
[659124,991722,7],
[659124,991722,7],
[659123,991722,7],
[659123,991721,7],
[659122,991721,7],
[659122,991721,6],
[659122,991720,6],
[659121,991720,6],
[659121,991720,6],
[659121,991719,6],
[659120,991719,6],
[659120,991718,6],
[659120,991718,6],
[659119,991718,6],
[659119,991717,6],
[659119,991717,6],
[659118,991717,6],
[659118,991716,6],
[659118,991716,6],
[659117,991716,6],
[659117,991715,6],
[659117,991715,6],
[659116,991715,6],
[659116,991714,6],
[659116,991714,6],
[659115,991713,6],
[659115,991713,6],
[659114,991713,6],
[659114,991712,6],
[659114,991712,6],
[659113,991712,6],
[659113,991711,6],
[659113,991711,6],
[659112,991711,6],
[659112,991710,6],
[659112,991710,6],
[659111,991710,6],
[659111,991709,6],
[659111,991709,6],
[659110,991708,6],
[659110,991708,6],
[659110,991708,6],
[659109,991707,6],
[659109,991707,6],
[659109,991707,6],
[659108,991706,6],
[659108,991706,6],
[659108,991706,6],
[659107,991705,6],
[659107,991705,6],
[659106,991704,6],
[659106,991704,6],
[659106,991704,6],
[659105,991703,6],
[659105,991703,6],
[659105,991703,6],
[659104,991702,6],
[659104,991702,6],
[659104,991702,6],
[659103,991701,6],
[659103,991701,6],
[659103,991701,6],
[659102,991700,6],
[659102,991700,6],
[659102,991699,6],
[659101,991699,6],
[659101,991699,6],
[659101,991698,6],
[659100,991698,6],
[659100,991698,6],
[659100,991697,6],
[659099,991697,6],
[659099,991697,6],
[659098,991696,6],
[659098,991696,6],
[659098,991695,6],
[659097,991695,6],
[659097,991695,6],
[659097,991694,6],
[659096,991694,6],
[659096,991694,6],
[659096,991693,6],
[659095,991693,6],
[659095,991693,6],
[659095,991692,6],
[659094,991692,6],
[659094,991692,6],
[659094,991691,6],
[659093,991691,6],
[659093,991690,6],
[659093,991690,6],
[659092,991690,6],
[659092,991689,6],
[659092,991689,6],
[659091,991689,6],
[659091,991688,6],
[659090,991688,6],
[659090,991688,6],
[659090,991687,6],
[659089,991687,6],
[659089,991687,6],
[659089,991686,6],
[659088,991686,6],
[659088,991685,6],
[659088,991685,6],
[659087,991685,6],
[659087,991684,6],
[659087,991684,6],
[659086,991684,6],
[659086,991683,6],
[659086,991683,6],
[659085,991683,6],
[659085,991682,6],
[659085,991682,6],
[659084,991681,6],
[659084,991681,6],
[659084,991681,7],
[659083,991680,7],
[659083,991680,7],
[659082,991680,7],
[659082,991679,7],
[659082,991679,7],
[659081,991679,7],
[659081,991678,7],
[659081,991678,7],
[659080,991678,7],
[659080,991677,7],
[659080,991677,7],
[659079,991676,7],
[659079,991676,7],
[659079,991676,7],
[659078,991675,7],
[659078,991675,7],
[659078,991675,7],
[659077,991674,7],
[659077,991674,7],
[659077,991674,7],
[659076,991673,7],
[659076,991673,7],
[659076,991672,7],
[659075,991672,7],
[659075,991672,7],
[659074,991671,7],
[659074,991671,7],
[659074,991671,7],
[659073,991670,7],
[659073,991670,7],
[659073,991670,7],
[659072,991669,7],
[659072,991669,7],
[659072,991669,7],
[659071,991668,7],
[659071,991668,7],
[659071,991667,7],
[659070,991667,7],
[659070,991667,7],
[659070,991666,7],
[659069,991666,7],
[659069,991666,7],
[659069,991665,7],
[659068,991665,7],
[659068,991665,7],
[659068,991664,7],
[659067,991664,7],
[659067,991664,7],
[659066,991663,7],
[659066,991663,7],
[659066,991662,7],
[659065,991662,7],
[659065,991662,7],
[659065,991661,7],
[659064,991661,7],
[659064,991661,7],
[659064,991660,7],
[659063,991660,7],
[659063,991660,7],
[659063,991659,7],
[659062,991659,7],
[659062,991658,7],
[659062,991658,7],
[659061,991658,7],
[659061,991657,7],
[659061,991657,7],
[659060,991657,7],
[659060,991656,7],
[659060,991656,7],
[659059,991656,7],
[659059,991655,7],
[659059,991655,7],
[659058,991654,7],
[659058,991654,7],
[659058,991654,7],
[659057,991653,7],
[659057,991653,7],
[659056,991653,7],
[659056,991652,7],
[659056,991652,7],
[659055,991652,7],
[659055,991651,7],
[659055,991651,7],
[659054,991650,7],
[659054,991650,7],
[659054,991650,7],
[659053,991649,7],
[659053,991649,7],
[659053,991649,7],
[659052,991648,7],
[659052,991648,7],
[659052,991648,7],
[659051,991647,7],
[659051,991647,7],
[659051,991646,7],
[659050,991646,7],
[659050,991646,7],
[659050,991645,7],
[659049,991645,7],
[659049,991645,7],
[659049,991644,7],
[659048,991644,7],
[659048,991644,7],
[659048,991643,7],
[659047,991643,7],
[659047,991642,7],
[659047,991642,7],
[659046,991642,7],
[659046,991641,7],
[659046,991641,7],
[659045,991641,7],
[659045,991640,7],
[659044,991640,7],
[659044,991640,7],
[659044,991639,7],
[659043,991639,7],
[659043,991638,7],
[659043,991638,7],
[659042,991638,7],
[659042,991637,7],
[659042,991637,7],
[659041,991637,7],
[659041,991636,7],
[659041,991636,7],
[659040,991635,7],
[659040,991635,7],
[659040,991635,7],
[659039,991634,7],
[659039,991634,7],
[659039,991634,7],
[659038,991633,7],
[659038,991633,7],
[659038,991633,7],
[659037,991632,7],
[659037,991632,7],
[659037,991631,7],
[659036,991631,7],
[659036,991631,7],
[659036,991630,7],
[659035,991630,7],
[659035,991630,7],
[659035,991629,8],
[659034,991629,8],
[659034,991628,8],
[659034,991628,8],
[659033,991628,8],
[659033,991627,8],
[659033,991627,8],
[659032,991627,8],
[659032,991626,8],
[659032,991626,8],
[659031,991625,8],
[659031,991625,8],
[659031,991625,8],
[659030,991624,8],
[659030,991624,8],
[659030,991624,8],
[659029,991623,8],
[659029,991623,8],
[659029,991622,8],
[659028,991622,8],
[659028,991622,8],
[659028,991621,8],
[659027,991621,8],
[659027,991621,8],
[659027,991620,8],
[659026,991620,8],
[659026,991619,8],
[659026,991619,8],
[659025,991619,8],
[659025,991618,8],
[659025,991618,8],
[659024,991618,8],
[659024,991617,8],
[659024,991617,8],
[659024,991616,8],
[659023,991616,8],
[659023,991616,8],
[659023,991615,8],
[659022,991615,8],
[659022,991615,8],
[659022,991614,8],
[659021,991614,8],
[659021,991613,8],
[659021,991613,8],
[659020,991613,8],
[659020,991612,8],
[659020,991612,8],
[659019,991611,8],
[659019,991611,8],
[659019,991611,8],
[659018,991610,8],
[659018,991610,8],
[659018,991610,8],
[659017,991609,8],
[659017,991609,8],
[659017,991608,8],
[659016,991608,8],
[659016,991608,8],
[659016,991607,8],
[659015,991607,8],
[659015,991606,8],
[659015,991606,8],
[659015,991606,8],
[659014,991605,8],
[659014,991605,8],
[659014,991605,8],
[659013,991604,8],
[659013,991604,8],
[659013,991603,8],
[659012,991603,8],
[659012,991603,8],
[659012,991602,8],
[659011,991602,8],
[659011,991601,8],
[659011,991601,8],
[659010,991601,8],
[659010,991600,8],
[659010,991600,9],
[659010,991599,9],
[659009,991599,9],
[659009,991599,9],
[659009,991598,9],
[659008,991598,9],
[659008,991597,9],
[659008,991597,9],
[659007,991597,9],
[659007,991596,9],
[659007,991596,9],
[659006,991595,9],
[659006,991595,9],
[659006,991595,9],
[659006,991594,9],
[659005,991594,9],
[659005,991594,9],
[659005,991593,9],
[659004,991593,9],
[659004,991592,9],
[659004,991592,9],
[659003,991592,9],
[659003,991591,9],
[659003,991591,9],
[659003,991590,9],
[659002,991590,9],
[659002,991590,9],
[659002,991589,9],
[659001,991589,9],
[659001,991588,9],
[659001,991588,9],
[659000,991588,9],
[659000,991587,9],
[659000,991587,9],
[659000,991586,9],
[658999,991586,9],
[658999,991586,9],
[658999,991585,9],
[658998,991585,9],
[658998,991584,9],
[658998,991584,9],
[658997,991583,9],
[658997,991583,9],
[658997,991583,9],
[658997,991582,9],
[658996,991582,9],
[658996,991581,9],
[658996,991581,9],
[658995,991581,9],
[658995,991580,9],
[658995,991580,9],
[658995,991579,9],
[658994,991579,9],
[658994,991579,9],
[658994,991578,9],
[658993,991578,9],
[658993,991577,9],
[658993,991577,9],
[658993,991577,9],
[658992,991576,10],
[658992,991576,10],
[658992,991575,10],
[658991,991575,10],
[658991,991574,10],
[658991,991574,10],
[658991,991574,10],
[658990,991573,10],
[658990,991573,10],
[658990,991572,10],
[658989,991572,10],
[658989,991572,10],
[658989,991571,10],
[658989,991571,10],
[658988,991570,10],
[658988,991570,10],
[658988,991569,10],
[658988,991569,10],
[658987,991569,10],
[658987,991568,10],
[658987,991568,10],
[658986,991567,10],
[658986,991567,10],
[658986,991567,10],
[658986,991566,10],
[658985,991566,10],
[658985,991565,10],
[658985,991565,10],
[658985,991564,10],
[658984,991564,10],
[658984,991564,10],
[658984,991563,10],
[658983,991563,10],
[658983,991562,10],
[658983,991562,10],
[658983,991562,10],
[658982,991561,10],
[658982,991561,10],
[658982,991560,10],
[658982,991560,10],
[658981,991559,10],
[658981,991559,10],
[658981,991559,10],
[658981,991558,10],
[658980,991558,10],
[658980,991557,10],
[658980,991557,10],
[658980,991556,10],
[658979,991556,10],
[658979,991556,10],
[658979,991555,10],
[658978,991555,11],
[658978,991554,11],
[658978,991554,11],
[658978,991553,11],
[658977,991553,11],
[658977,991553,11],
[658977,991552,11],
[658977,991552,11],
[658976,991551,11],
[658976,991551,11],
[658976,991550,11],
[658976,991550,11],
[658975,991550,11],
[658975,991549,11],
[658975,991549,11],
[658975,991548,11],
[658974,991548,11],
[658974,991547,11],
[658974,991547,11],
[658974,991546,11],
[658973,991546,11],
[658973,991546,11],
[658973,991545,11],
[658973,991545,11],
[658972,991544,11],
[658972,991544,11],
[658972,991543,11],
[658972,991543,11],
[658972,991543,11],
[658971,991542,11],
[658971,991542,11],
[658971,991541,11],
[658971,991541,11],
[658970,991540,11],
[658970,991540,11],
[658970,991539,11],
[658970,991539,11],
[658969,991539,11],
[658969,991538,11],
[658969,991538,11],
[658969,991537,11],
[658968,991537,11],
[658968,991536,11],
[658968,991536,11],
[658968,991536,11],
[658967,991535,11],
[658967,991535,11],
[658967,991534,11],
[658967,991534,11],
[658967,991533,11],
[658966,991533,12],
[658966,991532,12],
[658966,991532,12],
[658966,991532,12],
[658965,991531,12],
[658965,991531,12],
[658965,991530,12],
[658965,991530,12],
[658965,991529,12],
[658964,991529,12],
[658964,991528,12],
[658964,991528,12],
[658964,991527,12],
[658963,991527,12],
[658963,991527,12],
[658963,991526,12],
[658963,991526,12],
[658963,991525,12],
[658962,991525,12],
[658962,991524,12],
[658962,991524,12],
[658962,991523,12],
[658961,991523,12],
[658961,991523,12],
[658961,991522,12],
[658961,991522,12],
[658961,991521,12],
[658960,991521,12],
[658960,991520,12],
[658960,991520,12],
[658960,991519,12],
[658959,991519,12],
[658959,991518,12],
[658959,991518,12],
[658959,991518,12],
[658959,991517,12],
[658958,991517,12],
[658958,991516,12],
[658958,991516,12],
[658958,991515,12],
[658958,991515,12],
[658957,991514,12],
[658957,991514,12],
[658957,991513,12],
[658957,991513,12],
[658957,991513,12],
[658956,991512,12],
[658956,991512,12],
[658956,991511,12],
[658956,991511,12],
[658956,991510,13],
[658955,991510,13],
[658955,991509,13],
[658955,991509,13],
[658955,991508,13],
[658955,991508,13],
[658954,991508,13],
[658954,991507,13],
[658954,991507,13],
[658954,991506,13],
[658954,991506,13],
[658953,991505,13],
[658953,991505,13],
[658953,991504,13],
[658953,991504,13],
[658953,991503,13],
[658952,991503,13],
[658952,991502,13],
[658952,991502,13],
[658952,991502,13],
[658952,991501,13],
[658951,991501,13],
[658951,991500,13],
[658951,991500,13],
[658951,991499,13],
[658951,991499,13],
[658950,991498,13],
[658950,991498,13],
[658950,991497,13],
[658950,991497,13],
[658950,991496,13],
[658950,991496,13],
[658949,991496,13],
[658949,991495,13],
[658949,991495,13],
[658949,991494,13],
[658949,991494,13],
[658948,991493,13],
[658948,991493,13],
[658948,991492,13],
[658948,991492,13],
[658948,991491,13],
[658948,991491,13],
[658947,991490,13],
[658947,991490,13],
[658947,991489,13],
[658947,991489,13],
[658947,991489,13],
[658947,991488,13],
[658946,991488,13],
[658946,991487,13],
[658946,991487,13],
[658946,991486,13],
[658946,991486,13],
[658945,991485,14],
[658945,991485,14],
[658945,991484,14],
[658945,991484,14],
[658945,991483,14],
[658945,991483,14],
[658944,991482,14],
[658944,991482,14],
[658944,991481,14],
[658944,991481,14],
[658944,991481,14],
[658944,991480,14],
[658943,991480,14],
[658943,991479,14],
[658943,991479,14],
[658943,991478,14],
[658943,991478,14],
[658943,991477,14],
[658943,991477,14],
[658942,991476,14],
[658942,991476,14],
[658942,991475,14],
[658942,991475,14],
[658942,991474,14],
[658942,991474,14],
[658941,991473,14],
[658941,991473,14],
[658941,991472,14],
[658941,991472,14],
[658941,991472,14],
[658941,991471,14],
[658940,991471,14],
[658940,991470,14],
[658940,991470,14],
[658940,991469,14],
[658940,991469,14],
[658940,991468,14],
[658940,991468,14],
[658939,991467,14],
[658939,991467,14],
[658939,991466,14],
[658939,991466,14],
[658939,991465,14],
[658939,991465,14],
[658939,991464,14],
[658938,991464,14],
[658938,991463,14],
[658938,991463,14],
[658938,991462,14],
[658938,991462,14],
[658938,991461,14],
[658938,991461,14],
[658937,991461,14],
[658937,991460,14],
[658937,991460,14],
[658937,991459,14],
[658937,991459,14],
[658937,991458,14],
[658937,991458,14],
[658936,991457,14],
[658936,991457,14],
[658936,991456,14],
[658936,991456,14],
[658936,991455,14],
[658936,991455,15],
[658936,991454,15],
[658936,991454,15],
[658935,991453,15],
[658935,991453,15],
[658935,991452,15],
[658935,991452,15],
[658935,991451,15],
[658935,991451,15],
[658935,991450,15],
[658935,991450,15],
[658934,991449,15],
[658934,991449,15],
[658934,991448,15],
[658934,991448,15],
[658934,991448,15],
[658934,991447,15],
[658934,991447,15],
[658934,991446,15],
[658933,991446,15],
[658933,991445,15],
[658933,991445,15],
[658933,991444,15],
[658933,991444,15],
[658933,991443,15],
[658933,991443,15],
[658933,991442,15],
[658932,991442,15],
[658932,991441,15],
[658932,991441,15],
[658932,991440,15],
[658932,991440,15],
[658932,991439,15],
[658932,991439,15],
[658932,991438,15],
[658932,991438,15],
[658931,991437,15],
[658931,991437,15],
[658931,991436,15],
[658931,991436,15],
[658931,991435,15],
[658931,991435,15],
[658931,991434,15],
[658931,991434,15],
[658931,991433,15],
[658930,991433,15],
[658930,991432,15],
[658930,991432,15],
[658930,991431,15],
[658930,991431,15],
[658930,991430,15],
[658930,991430,15],
[658930,991429,15],
[658930,991429,15],
[658930,991429,15],
[658929,991428,15],
[658929,991428,15],
[658929,991427,15],
[658929,991427,15],
[658929,991426,15],
[658929,991426,15],
[658929,991425,15],
[658929,991425,15],
[658929,991424,15],
[658929,991424,15],
[658928,991423,15],
[658928,991423,15],
[658928,991422,15],
[658928,991422,15],
[658928,991421,15],
[658928,991421,15],
[658928,991420,15],
[658928,991420,15],
[658928,991419,15],
[658928,991419,15],
[658928,991418,15],
[658927,991418,15],
[658927,991417,15],
[658927,991417,15],
[658927,991416,15],
[658927,991416,15],
[658927,991415,15],
[658927,991415,15],
[658927,991414,16],
[658927,991414,16],
[658927,991413,16],
[658927,991413,16],
[658926,991412,16],
[658926,991412,16],
[658926,991411,16],
[658926,991411,16],
[658926,991410,16],
[658926,991410,16],
[658926,991409,16],
[658926,991409,16],
[658926,991408,16],
[658926,991408,16],
[658926,991407,16],
[658926,991407,16],
[658925,991406,16],
[658925,991406,16],
[658925,991405,16],
[658925,991405,16],
[658925,991404,16],
[658925,991404,16],
[658925,991403,16],
[658925,991403,16],
[658925,991402,16],
[658925,991402,16],
[658925,991401,16],
[658925,991401,16],
[658925,991400,16],
[658924,991400,16],
[658924,991399,16],
[658924,991399,16],
[658924,991398,16],
[658924,991398,16],
[658924,991397,16],
[658924,991397,16],
[658924,991396,16],
[658924,991396,16],
[658924,991395,16],
[658924,991395,16],
[658924,991395,16],
[658924,991394,16],
[658924,991394,16],
[658924,991393,16],
[658923,991393,16],
[658923,991392,16],
[658923,991392,16],
[658923,991391,16],
[658923,991391,16],
[658923,991390,16],
[658923,991390,16],
[658923,991389,16],
[658923,991389,16],
[658923,991388,16],
[658923,991388,16],
[658923,991387,16],
[658923,991387,16],
[658923,991386,16],
[658923,991386,16],
[658922,991385,16],
[658922,991385,16],
[658922,991384,16],
[658922,991384,16],
[658922,991383,16],
[658922,991383,16],
[658922,991382,16],
[658922,991382,16],
[658922,991381,16],
[658922,991381,16],
[658922,991380,16],
[658922,991380,16],
[658922,991379,16],
[658922,991379,16],
[658922,991378,16],
[658922,991378,16],
[658921,991377,16],
[658921,991377,16],
[658921,991376,16],
[658921,991376,16],
[658921,991375,16],
[658921,991375,16],
[658921,991374,16],
[658921,991374,16],
[658921,991373,16],
[658921,991373,16],
[658921,991372,16],
[658921,991372,16],
[658921,991371,16],
[658921,991371,16],
[658921,991370,16],
[658921,991370,16],
[658921,991369,16],
[658921,991369,16],
[658921,991368,16],
[658920,991368,16],
[658920,991367,16],
[658920,991367,16],
[658920,991366,16],
[658920,991366,16],
[658920,991365,16],
[658920,991365,16],
[658920,991364,16],
[658920,991364,16],
[658920,991363,16],
[658920,991363,16],
[658920,991362,16],
[658920,991362,16],
[658920,991361,16],
[658920,991361,16],
[658920,991360,16],
[658920,991360,16],
[658920,991359,16],
[658920,991359,16],
[658920,991358,16],
[658919,991358,16],
[658919,991357,16],
[658919,991357,16],
[658919,991356,16],
[658919,991356,16],
[658919,991355,16],
[658919,991355,16],
[658919,991354,16],
[658919,991354,16],
[658919,991353,16],
[658919,991353,16],
[658919,991352,16],
[658919,991352,16],
[658919,991351,16],
[658919,991351,16],
[658919,991350,16],
[658919,991350,16],
[658919,991349,16],
[658919,991349,16],
[658919,991348,16],
[658919,991348,16],
[658919,991347,16],
[658918,991347,16],
[658918,991346,16],
[658918,991346,16],
[658918,991345,16],
[658918,991345,16],
[658918,991344,16],
[658918,991344,16],
[658918,991343,16],
[658918,991343,16],
[658918,991342,16],
[658918,991342,16],
[658918,991341,16],
[658918,991341,16],
[658918,991340,16],
[658918,991340,16],
[658918,991339,16],
[658918,991339,16],
[658918,991338,16],
[658918,991338,16],
[658918,991337,16],
[658918,991337,17],
[658918,991336,17],
[658918,991336,17],
[658917,991335,17],
[658917,991335,17],
[658917,991334,17],
[658917,991334,17],
[658917,991333,17],
[658917,991333,17],
[658917,991332,17],
[658917,991332,17],
[658917,991331,17],
[658917,991331,17],
[658917,991330,17],
[658917,991330,17],
[658917,991329,17],
[658917,991329,17],
[658917,991328,17],
[658917,991328,17],
[658917,991327,17],
[658917,991327,17],
[658917,991326,17],
[658917,991326,17],
[658917,991325,17],
[658917,991325,17],
[658917,991324,17],
[658917,991324,17],
[658917,991323,17],
[658916,991323,17],
[658916,991322,17],
[658916,991322,17],
[658916,991321,17],
[658916,991321,17],
[658916,991320,17],
[658916,991320,17],
[658916,991319,17],
[658916,991319,17],
[658916,991318,17],
[658916,991318,17],
[658916,991317,17],
[658916,991317,17],
[658916,991316,17],
[658916,991316,17],
[658916,991315,17],
[658916,991315,17],
[658916,991314,17],
[658916,991314,17],
[658916,991313,17],
[658916,991313,17],
[658916,991312,17],
[658916,991312,17],
[658916,991311,17],
[658916,991311,17],
[658916,991310,17],
[658915,991310,17],
[658915,991309,17],
[658915,991309,17],
[658915,991308,17],
[658915,991308,17],
[658915,991307,17],
[658915,991307,17],
[658915,991306,17],
[658915,991306,17],
[658915,991305,17],
[658915,991305,17],
[658915,991304,17],
[658915,991304,17],
[658915,991303,17],
[658915,991303,17],
[658915,991302,17],
[658915,991302,17],
[658915,991301,17],
[658915,991301,17],
[658915,991300,17],
[658915,991300,17],
[658915,991299,17],
[658915,991299,17],
[658915,991298,17],
[658915,991298,17],
[658914,991297,17],
[658914,991297,17],
[658914,991296,17],
[658914,991296,17],
[658914,991295,17],
[658914,991295,17],
[658914,991294,17],
[658914,991294,17],
[658914,991293,17],
[658914,991293,17],
[658914,991292,17],
[658914,991292,17],
[658914,991291,17],
[658914,991291,17],
[658914,991290,17],
[658914,991290,17],
[658914,991289,17],
[658914,991289,17],
[658914,991288,17],
[658914,991288,17],
[658914,991287,17],
[658914,991287,17],
[658914,991286,17],
[658914,991286,17],
[658914,991285,17],
[658913,991285,17],
[658913,991284,17],
[658913,991284,17],
[658913,991284,17],
[658913,991283,17],
[658913,991283,16],
[658913,991282,16],
[658913,991282,16],
[658913,991281,16],
[658913,991281,16],
[658913,991280,16],
[658913,991280,16],
[658913,991279,16],
[658913,991279,16],
[658913,991278,16],
[658913,991278,16],
[658913,991277,16],
[658913,991277,16],
[658913,991276,16],
[658913,991276,16],
[658913,991275,16],
[658913,991275,16],
[658913,991274,16],
[658912,991274,16],
[658912,991273,16],
[658912,991273,16],
[658912,991272,16],
[658912,991272,16],
[658912,991271,16],
[658912,991271,16],
[658912,991270,16],
[658912,991270,16],
[658912,991269,16],
[658912,991269,16],
[658912,991268,16],
[658912,991268,16],
[658912,991267,16],
[658912,991267,16],
[658912,991266,16],
[658912,991266,16],
[658912,991265,16],
[658912,991265,16],
[658912,991264,16],
[658912,991264,16],
[658912,991263,16],
[658911,991263,16],
[658911,991262,16],
[658911,991262,16],
[658911,991261,16],
[658911,991261,16],
[658911,991260,16],
[658911,991260,16],
[658911,991259,16],
[658911,991259,16],
[658911,991258,16],
[658911,991258,16],
[658911,991257,16],
[658911,991257,16],
[658911,991256,16],
[658911,991256,16],
[658911,991255,16],
[658911,991255,16],
[658911,991254,16],
[658911,991254,16],
[658911,991253,16],
[658911,991253,16],
[658910,991252,16],
[658910,991252,16],
[658910,991251,16],
[658910,991251,16],
[658910,991250,16],
[658910,991250,16],
[658910,991249,16],
[658910,991249,16],
[658910,991248,16],
[658910,991248,16],
[658910,991247,16],
[658910,991247,16],
[658910,991246,16],
[658910,991246,16],
[658910,991245,16],
[658910,991245,16],
[658910,991244,16],
[658910,991244,16],
[658910,991243,16],
[658909,991243,16],
[658909,991242,16],
[658909,991242,16],
[658909,991241,16],
[658909,991241,16],
[658909,991240,16],
[658909,991240,16],
[658909,991239,16],
[658909,991239,16],
[658909,991238,16],
[658909,991238,16],
[658909,991237,16],
[658909,991237,16],
[658909,991236,16],
[658909,991236,16],
[658909,991235,16],
[658909,991235,16],
[658908,991234,16],
[658908,991234,16],
[658908,991233,16],
[658908,991233,16],
[658908,991232,16],
[658908,991232,16],
[658908,991231,16],
[658908,991231,16],
[658908,991230,16],
[658908,991230,16],
[658908,991229,16],
[658908,991229,16],
[658908,991228,16],
[658908,991228,16],
[658908,991227,16],
[658908,991227,16],
[658908,991226,16],
[658907,991226,16],
[658907,991225,16],
[658907,991225,16],
[658907,991224,16],
[658907,991224,16],
[658907,991223,16],
[658907,991223,16],
[658907,991222,16],
[658907,991222,16],
[658907,991221,16],
[658907,991221,16],
[658907,991220,16],
[658907,991220,16],
[658907,991219,16],
[658907,991219,16],
[658906,991218,16],
[658906,991218,16],
[658906,991217,16],
[658906,991217,16],
[658906,991216,16],
[658906,991216,16],
[658906,991215,16],
[658906,991215,16],
[658906,991214,16],
[658906,991214,16],
[658906,991213,16],
[658906,991213,16],
[658906,991212,16],
[658906,991212,16],
[658905,991211,16],
[658905,991211,16],
[658905,991210,16],
[658905,991210,16],
[658905,991209,16],
[658905,991209,16],
[658905,991208,16],
[658905,991208,16],
[658905,991207,16],
[658905,991207,16],
[658905,991206,16],
[658905,991206,16],
[658905,991206,16],
[658905,991205,16],
[658904,991205,16],
[658904,991204,16],
[658904,991204,16],
[658904,991203,16],
[658904,991203,16],
[658904,991202,16],
[658904,991202,16],
[658904,991201,16],
[658904,991201,16],
[658904,991200,16],
[658904,991200,16],
[658904,991199,16],
[658904,991199,16],
[658903,991198,16],
[658903,991198,16],
[658903,991197,16],
[658903,991197,16],
[658903,991196,16],
[658903,991196,16],
[658903,991195,16],
[658903,991195,16],
[658903,991194,16],
[658903,991194,16],
[658903,991193,16],
[658903,991193,16],
[658902,991192,16],
[658902,991192,16],
[658902,991191,16],
[658902,991191,16],
[658902,991190,16],
[658902,991190,16],
[658902,991189,16],
[658902,991189,16],
[658902,991188,16],
[658902,991188,16],
[658902,991187,16],
[658901,991187,16],
[658901,991186,16],
[658901,991186,16],
[658901,991185,16],
[658901,991185,16],
[658901,991184,16],
[658901,991184,16],
[658901,991183,16],
[658901,991183,16],
[658901,991182,16],
[658901,991182,16],
[658900,991181,16],
[658900,991181,16],
[658900,991180,16],
[658900,991180,16],
[658900,991179,16],
[658900,991179,16],
[658900,991178,16],
[658900,991178,16],
[658900,991177,16],
[658900,991177,16],
[658899,991176,16],
[658899,991176,16],
[658899,991175,16],
[658899,991175,16],
[658899,991174,16],
[658899,991174,16],
[658899,991174,16],
[658899,991173,16],
[658899,991173,16],
[658899,991172,16],
[658898,991172,16],
[658898,991171,16],
[658898,991171,16],
[658898,991170,16],
[658898,991170,16],
[658898,991169,16],
[658898,991169,16],
[658898,991168,16],
[658898,991168,16],
[658898,991167,16],
[658897,991167,16],
[658897,991166,16],
[658897,991166,16],
[658897,991165,16],
[658897,991165,16],
[658897,991164,16],
[658897,991164,16],
[658897,991163,16],
[658897,991163,16],
[658896,991162,16],
[658896,991162,16],
[658896,991161,16],
[658896,991161,16],
[658896,991160,16],
[658896,991160,16],
[658896,991159,16],
[658896,991159,16],
[658896,991158,16],
[658895,991158,16],
[658895,991157,16],
[658895,991157,16],
[658895,991156,16],
[658895,991156,16],
[658895,991155,16],
[658895,991155,16],
[658895,991154,16],
[658895,991154,16],
[658894,991153,16],
[658894,991153,16],
[658894,991153,16],
[658894,991152,16],
[658894,991152,16],
[658894,991151,16],
[658894,991151,16],
[658894,991150,16],
[658894,991150,16],
[658893,991149,16],
[658893,991149,16],
[658893,991148,16],
[658893,991148,16],
[658893,991147,16],
[658893,991147,16],
[658893,991146,16],
[658893,991146,16],
[658892,991145,16],
[658892,991145,16],
[658892,991144,16],
[658892,991144,16],
[658892,991143,16],
[658892,991143,16],
[658892,991142,16],
[658892,991142,16],
[658891,991141,16],
[658891,991141,16],
[658891,991140,16],
[658891,991140,16],
[658891,991139,16],
[658891,991139,16],
[658891,991138,16],
[658891,991138,16],
[658890,991138,16],
[658890,991137,16],
[658890,991137,16],
[658890,991136,16],
[658890,991136,16],
[658890,991135,16],
[658890,991135,16],
[658890,991134,16],
[658889,991134,16],
[658889,991133,16],
[658889,991133,16],
[658889,991132,16],
[658889,991132,16],
[658889,991131,16],
[658889,991131,16],
[658888,991130,16],
[658888,991130,16],
[658888,991129,16],
[658888,991129,16],
[658888,991128,16],
[658888,991128,16],
[658888,991127,16],
[658887,991127,16],
[658887,991126,16],
[658887,991126,16],
[658887,991125,16],
[658887,991125,16],
[658887,991124,16],
[658887,991124,16],
[658887,991124,16],
[658886,991123,16],
[658886,991123,16],
[658886,991122,16],
[658886,991122,16],
[658886,991121,16],
[658886,991121,16],
[658886,991120,16],
[658885,991120,16],
[658885,991119,16],
[658885,991119,16],
[658885,991118,16],
[658885,991118,16],
[658885,991117,16],
[658885,991117,16],
[658884,991116,16],
[658884,991116,16],
[658884,991115,16],
[658884,991115,16],
[658884,991114,16],
[658884,991114,16],
[658883,991113,16],
[658883,991113,16],
[658883,991113,16],
[658883,991112,16],
[658883,991112,16],
[658883,991111,16],
[658883,991111,16],
[658882,991110,16],
[658882,991110,16],
[658882,991109,16],
[658882,991109,16],
[658882,991108,16],
[658882,991108,16],
[658882,991107,16],
[658881,991107,16],
[658881,991106,16],
[658881,991106,16],
[658881,991105,16],
[658881,991105,16],
[658881,991104,16],
[658880,991104,16],
[658880,991103,16],
[658880,991103,16],
[658880,991103,16],
[658880,991102,16],
[658880,991102,16],
[658879,991101,16],
[658879,991101,16],
[658879,991100,16],
[658879,991100,16],
[658879,991099,16],
[658879,991099,16],
[658879,991098,16],
[658878,991098,16],
[658878,991097,16],
[658878,991097,16],
[658878,991096,16],
[658878,991096,16],
[658878,991095,16],
[658877,991095,16],
[658877,991094,16],
[658877,991094,16],
[658877,991094,16],
[658877,991093,16],
[658877,991093,16],
[658876,991092,16],
[658876,991092,16],
[658876,991091,16],
[658876,991091,16],
[658876,991090,16],
[658876,991090,16],
[658875,991089,16],
[658875,991089,16],
[658875,991088,16],
[658875,991088,16],
[658875,991087,16],
[658875,991087,15],
[658874,991086,15],
[658874,991086,15],
[658874,991086,15],
[658874,991085,15],
[658874,991085,15],
[658874,991084,15],
[658873,991084,15],
[658873,991083,15],
[658873,991083,15],
[658873,991082,15],
[658873,991082,15],
[658873,991081,15],
[658872,991081,15],
[658872,991080,15],
[658872,991080,15],
[658872,991079,15],
[658872,991079,15],
[658871,991078,15],
[658871,991078,15],
[658871,991078,15],
[658871,991077,15],
[658871,991077,15],
[658871,991076,15],
[658870,991076,15],
[658870,991075,15],
[658870,991075,15],
[658870,991074,15],
[658870,991074,15],
[658870,991073,15],
[658869,991073,15],
[658869,991072,15],
[658869,991072,15],
[658869,991071,15],
[658869,991071,15],
[658868,991071,15],
[658868,991070,15],
[658868,991070,15],
[658868,991069,15],
[658868,991069,15],
[658867,991068,15],
[658867,991068,15],
[658867,991067,15],
[658867,991067,15],
[658867,991066,15],
[658867,991066,15],
[658866,991065,15],
[658866,991065,15],
[658866,991065,15],
[658866,991064,15],
[658866,991064,15],
[658865,991063,15],
[658865,991063,15],
[658865,991062,15],
[658865,991062,15],
[658865,991061,15],
[658864,991061,15],
[658864,991060,15],
[658864,991060,15],
[658864,991059,15],
[658864,991059,15],
[658864,991059,15],
[658863,991058,15],
[658863,991058,15],
[658863,991057,15],
[658863,991057,15],
[658863,991056,15],
[658862,991056,15],
[658862,991055,15],
[658862,991055,15],
[658862,991054,15],
[658862,991054,15],
[658861,991053,15],
[658861,991053,15],
[658861,991053,15],
[658861,991052,15],
[658861,991052,15],
[658860,991051,15],
[658860,991051,15],
[658860,991050,15],
[658860,991050,15],
[658860,991049,15],
[658859,991049,15],
[658859,991048,15],
[658859,991048,15],
[658859,991047,15],
[658859,991047,15],
[658858,991047,15],
[658858,991046,15],
[658858,991046,15],
[658858,991045,15],
[658858,991045,15],
[658857,991044,15],
[658857,991044,15],
[658857,991043,15],
[658857,991043,15],
[658857,991042,15],
[658856,991042,15],
[658856,991042,15],
[658856,991041,15],
[658856,991041,15],
[658856,991040,15],
[658855,991040,15],
[658855,991039,15],
[658855,991039,15],
[658855,991038,15],
[658855,991038,15],
[658854,991037,15],
[658854,991037,15],
[658854,991037,15],
[658854,991036,15],
[658853,991036,15],
[658853,991035,15],
[658853,991035,15],
[658853,991034,15],
[658853,991034,15],
[658852,991033,15],
[658852,991033,15],
[658852,991032,15],
[658852,991032,15],
[658852,991032,15],
[658851,991031,15],
[658851,991031,15],
[658851,991030,15],
[658851,991030,15],
[658850,991029,15],
[658850,991029,15],
[658850,991028,15],
[658850,991028,15],
[658850,991028,15],
[658849,991027,15],
[658849,991027,15],
[658849,991026,15],
[658849,991026,15],
[658849,991025,15],
[658848,991025,15],
[658848,991024,15],
[658848,991024,15],
[658848,991023,15],
[658847,991023,15],
[658847,991023,15],
[658847,991022,15],
[658847,991022,15],
[658847,991021,15],
[658846,991021,15],
[658846,991020,15],
[658846,991020,15],
[658846,991019,15],
[658845,991019,15],
[658845,991019,15],
[658845,991018,15],
[658845,991018,15],
[658845,991017,15],
[658844,991017,15],
[658844,991016,15],
[658844,991016,15],
[658844,991015,15],
[658843,991015,15],
[658843,991015,15],
[658843,991014,15],
[658843,991014,15],
[658842,991013,15],
[658842,991013,15],
[658842,991012,15],
[658842,991012,15],
[658842,991011,15],
[658841,991011,15],
[658841,991011,15],
[658841,991010,15],
[658841,991010,15],
[658840,991009,15],
[658840,991009,14],
[658840,991008,14],
[658840,991008,14],
[658839,991007,14],
[658839,991007,14],
[658839,991007,14],
[658839,991006,14],
[658839,991006,14],
[658838,991005,14],
[658838,991005,14],
[658838,991004,14],
[658838,991004,14],
[658837,991003,14],
[658837,991003,14],
[658837,991003,14],
[658837,991002,14],
[658836,991002,14],
[658836,991001,14],
[658836,991001,14],
[658836,991000,14],
[658835,991000,14],
[658835,990999,14],
[658835,990999,14],
[658835,990999,14],
[658834,990998,14],
[658834,990998,14],
[658834,990997,14],
[658834,990997,14],
[658834,990996,14],
[658833,990996,14],
[658833,990996,14],
[658833,990995,14],
[658833,990995,14],
[658832,990994,14],
[658832,990994,14],
[658832,990993,14],
[658832,990993,14],
[658831,990992,14],
[658831,990992,14],
[658831,990992,14],
[658831,990991,14],
[658830,990991,14],
[658830,990990,14],
[658830,990990,14],
[658830,990989,14],
[658829,990989,14],
[658829,990989,14],
[658829,990988,14],
[658829,990988,14],
[658828,990987,14],
[658828,990987,14],
[658828,990986,14],
[658828,990986,14],
[658827,990986,14],
[658827,990985,14],
[658827,990985,14],
[658827,990984,14],
[658826,990984,14],
[658826,990983,14],
[658826,990983,14],
[658826,990983,14],
[658825,990982,14],
[658825,990982,14],
[658825,990981,14],
[658825,990981,14],
[658824,990980,14],
[658824,990980,14],
[658824,990980,14],
[658824,990979,14],
[658823,990979,14],
[658823,990978,14],
[658823,990978,14],
[658823,990977,14],
[658822,990977,14],
[658822,990977,14],
[658822,990976,14],
[658821,990976,14],
[658821,990975,14],
[658821,990975,14],
[658821,990974,14],
[658820,990974,14],
[658820,990974,14],
[658820,990973,14],
[658820,990973,14],
[658819,990972,13],
[658819,990972,13],
[658819,990971,13],
[658819,990971,13],
[658818,990971,13],
[658818,990970,13],
[658818,990970,13],
[658818,990969,13],
[658817,990969,13],
[658817,990968,13],
[658817,990968,13],
[658817,990968,13],
[658816,990967,13],
[658816,990967,13],
[658816,990966,13],
[658815,990966,13],
[658815,990965,13],
[658815,990965,13],
[658815,990965,13],
[658814,990964,13],
[658814,990964,13],
[658814,990963,13],
[658814,990963,13],
[658813,990962,13],
[658813,990962,13],
[658813,990962,13],
[658813,990961,13],
[658812,990961,13],
[658812,990960,13],
[658812,990960,13],
[658811,990960,13],
[658811,990959,13],
[658811,990959,13],
[658811,990958,13],
[658810,990958,13],
[658810,990957,13],
[658810,990957,13],
[658810,990957,13],
[658809,990956,13],
[658809,990956,13],
[658809,990955,13],
[658808,990955,13],
[658808,990955,13],
[658808,990954,13],
[658808,990954,13],
[658807,990953,13],
[658807,990953,13],
[658807,990952,13],
[658806,990952,13],
[658806,990952,13],
[658806,990951,13],
[658806,990951,13],
[658805,990950,13],
[658805,990950,13],
[658805,990950,13],
[658805,990949,13],
[658804,990949,13],
[658804,990948,13],
[658804,990948,13],
[658803,990947,13],
[658803,990947,13],
[658803,990947,13],
[658803,990946,13],
[658802,990946,13],
[658802,990945,13],
[658802,990945,13],
[658801,990945,13],
[658801,990944,13],
[658801,990944,12],
[658801,990943,12],
[658800,990943,12],
[658800,990943,12],
[658800,990942,12],
[658799,990942,12],
[658799,990941,12],
[658799,990941,12],
[658799,990940,12],
[658798,990940,12],
[658798,990940,12],
[658798,990939,12],
[658797,990939,12],
[658797,990938,12],
[658797,990938,12],
[658797,990938,12],
[658796,990937,12],
[658796,990937,12],
[658796,990936,12],
[658795,990936,12],
[658795,990936,12],
[658795,990935,12],
[658795,990935,12],
[658794,990934,12],
[658794,990934,12],
[658794,990934,12],
[658793,990933,12],
[658793,990933,12],
[658793,990932,12],
[658792,990932,12],
[658792,990932,12],
[658792,990931,12],
[658792,990931,12],
[658791,990930,12],
[658791,990930,12],
[658791,990930,12],
[658790,990929,12],
[658790,990929,12],
[658790,990928,12],
[658790,990928,12],
[658789,990927,12],
[658789,990927,12],
[658789,990927,12],
[658788,990926,12],
[658788,990926,12],
[658788,990925,12],
[658787,990925,12],
[658787,990925,12],
[658787,990924,12],
[658787,990924,12],
[658786,990923,12],
[658786,990923,12],
[658786,990923,12],
[658785,990922,12],
[658785,990922,12],
[658785,990921,12],
[658784,990921,12],
[658784,990921,12],
[658784,990920,12],
[658784,990920,12],
[658783,990920,12],
[658783,990919,12],
[658783,990919,12],
[658782,990918,12],
[658782,990918,12],
[658782,990918,12],
[658781,990917,12],
[658781,990917,12],
[658781,990916,12],
[658780,990916,11],
[658780,990916,11],
[658780,990915,11],
[658780,990915,11],
[658779,990914,11],
[658779,990914,11],
[658779,990914,11],
[658778,990913,11],
[658778,990913,11],
[658778,990912,11],
[658777,990912,11],
[658777,990912,11],
[658777,990911,11],
[658776,990911,11],
[658776,990910,11],
[658776,990910,11],
[658776,990910,11],
[658775,990909,11],
[658775,990909,11],
[658775,990908,11],
[658774,990908,11],
[658774,990908,11],
[658774,990907,11],
[658773,990907,11],
[658773,990907,11],
[658773,990906,11],
[658772,990906,11],
[658772,990905,11],
[658772,990905,11],
[658771,990905,11],
[658771,990904,11],
[658771,990904,11],
[658770,990903,11],
[658770,990903,11],
[658770,990903,11],
[658770,990902,11],
[658769,990902,11],
[658769,990901,11],
[658769,990901,11],
[658768,990901,11],
[658768,990900,11],
[658768,990900,11],
[658767,990900,11],
[658767,990899,11],
[658767,990899,11],
[658766,990898,11],
[658766,990898,11],
[658766,990898,11],
[658765,990897,11],
[658765,990897,11],
[658765,990897,11],
[658764,990896,11],
[658764,990896,11],
[658764,990895,11],
[658763,990895,11],
[658763,990895,11],
[658763,990894,11],
[658762,990894,11],
[658762,990893,11],
[658762,990893,11],
[658761,990893,11],
[658761,990892,11],
[658761,990892,11],
[658761,990892,11],
[658760,990891,11],
[658760,990891,11],
[658760,990890,11],
[658759,990890,11],
[658759,990890,11],
[658759,990889,11],
[658758,990889,11],
[658758,990889,11],
[658758,990888,11],
[658757,990888,11],
[658757,990887,11],
[658757,990887,11],
[658756,990887,11],
[658756,990886,11],
[658756,990886,11],
[658755,990886,11],
[658755,990885,11],
[658755,990885,11],
[658754,990884,11],
[658754,990884,11],
[658754,990884,11],
[658753,990883,11],
[658753,990883,11],
[658753,990883,11],
[658752,990882,11],
[658752,990882,11],
[658752,990881,11],
[658751,990881,11],
[658751,990881,11],
[658751,990880,11],
[658750,990880,11],
[658750,990880,11],
[658750,990879,11],
[658749,990879,10],
[658749,990878,10],
[658749,990878,10],
[658748,990878,10],
[658748,990877,10],
[658748,990877,10],
[658747,990877,10],
[658747,990876,10],
[658747,990876,10],
[658746,990876,10],
[658746,990875,10],
[658746,990875,10],
[658745,990874,10],
[658745,990874,10],
[658745,990874,10],
[658744,990873,10],
[658744,990873,10],
[658743,990873,10],
[658743,990872,10],
[658743,990872,10],
[658742,990871,10],
[658742,990871,10],
[658742,990871,10],
[658741,990870,10],
[658741,990870,10],
[658741,990870,10],
[658740,990869,10],
[658740,990869,10],
[658740,990869,10],
[658739,990868,10],
[658739,990868,10],
[658739,990867,10],
[658738,990867,10],
[658738,990867,10],
[658738,990866,10],
[658737,990866,10],
[658737,990866,10],
[658737,990865,10],
[658736,990865,10],
[658736,990865,10],
[658736,990864,10],
[658735,990864,10],
[658735,990864,10],
[658735,990863,10],
[658734,990863,10],
[658734,990862,10],
[658733,990862,10],
[658733,990862,10],
[658733,990861,10],
[658732,990861,10],
[658732,990861,10],
[658732,990860,10],
[658731,990860,10],
[658731,990860,10],
[658731,990859,10],
[658730,990859,10],
[658730,990859,10],
[658730,990858,10],
[658729,990858,10],
[658729,990857,10],
[658729,990857,10],
[658728,990857,10],
[658728,990856,10],
[658727,990856,10],
[658727,990856,10],
[658727,990855,10],
[658726,990855,10],
[658726,990855,10],
[658726,990854,10],
[658725,990854,10],
[658725,990854,10],
[658725,990853,10],
[658724,990853,10],
[658724,990853,10],
[658724,990852,10],
[658723,990852,10],
[658723,990852,10],
[658722,990851,10],
[658722,990851,10],
[658722,990850,10],
[658721,990850,10],
[658721,990850,10],
[658721,990849,10],
[658720,990849,10],
[658720,990849,10],
[658720,990848,10],
[658719,990848,10],
[658719,990848,10],
[658719,990847,10],
[658718,990847,10],
[658718,990847,10],
[658717,990846,10],
[658717,990846,10],
[658717,990846,10],
[658716,990845,10],
[658716,990845,10],
[658716,990845,10],
[658715,990844,10],
[658715,990844,10],
[658715,990844,10],
[658714,990843,10],
[658714,990843,10],
[658713,990843,10],
[658713,990842,10],
[658713,990842,10],
[658712,990842,10],
[658712,990841,10],
[658712,990841,10],
[658711,990840,10],
[658711,990840,10],
[658711,990840,10],
[658710,990839,10],
[658710,990839,10],
[658709,990839,10],
[658709,990838,10],
[658709,990838,10],
[658708,990838,10],
[658708,990837,10],
[658708,990837,10],
[658707,990837,10],
[658707,990836,10],
[658706,990836,10],
[658706,990836,10],
[658706,990835,10],
[658705,990835,10],
[658705,990835,10],
[658705,990834,10],
[658704,990834,10],
[658704,990834,10],
[658703,990833,10],
[658703,990833,10],
[658703,990833,10],
[658702,990832,10],
[658702,990832,10],
[658702,990832,10],
[658701,990831,10],
[658701,990831,10],
[658700,990831,10],
[658700,990830,10],
[658700,990830,10],
[658699,990830,10],
[658699,990829,10],
[658699,990829,10],
[658698,990829,10],
[658698,990828,10],
[658697,990828,10],
[658697,990828,10],
[658697,990827,10],
[658696,990827,10],
[658696,990827,10],
[658696,990827,10],
[658695,990826,10],
[658695,990826,10],
[658694,990826,10],
[658694,990825,10],
[658694,990825,10],
[658693,990825,10],
[658693,990824,10],
[658693,990824,10],
[658692,990824,10],
[658692,990823,10],
[658691,990823,10],
[658691,990823,10],
[658691,990822,10],
[658690,990822,10],
[658690,990822,10],
[658690,990821,10],
[658689,990821,10],
[658689,990821,10],
[658688,990820,10],
[658688,990820,10],
[658688,990820,10],
[658687,990819,10],
[658687,990819,10],
[658686,990819,10],
[658686,990818,10],
[658686,990818,10],
[658685,990818,10],
[658685,990817,10],
[658685,990817,10],
[658684,990817,10],
[658684,990816,10],
[658683,990816,10],
[658683,990816,10],
[658683,990816,10],
[658682,990815,10],
[658682,990815,10],
[658681,990815,10],
[658681,990814,10],
[658681,990814,10],
[658680,990814,10],
[658680,990813,10],
[658679,990813,10],
[658679,990813,10],
[658679,990812,10],
[658678,990812,10],
[658678,990812,10],
[658678,990811,10],
[658677,990811,10],
[658677,990811,10],
[658676,990810,10],
[658676,990810,10],
[658676,990810,10],
[658675,990810,10],
[658675,990809,10],
[658674,990809,10],
[658674,990809,10],
[658674,990808,10],
[658673,990808,10],
[658673,990808,10],
[658672,990807,10],
[658672,990807,10],
[658672,990807,10],
[658671,990806,10],
[658671,990806,10],
[658671,990806,10],
[658670,990805,10],
[658670,990805,10],
[658669,990805,10],
[658669,990805,10],
[658669,990804,10],
[658668,990804,10],
[658668,990804,10],
[658667,990803,10],
[658667,990803,10],
[658667,990803,10],
[658666,990802,10],
[658666,990802,10],
[658665,990802,10],
[658665,990801,10],
[658665,990801,10],
[658664,990801,10],
[658664,990801,10],
[658663,990800,10],
[658663,990800,10],
[658663,990800,10],
[658662,990799,10],
[658662,990799,10],
[658661,990799,10],
[658661,990798,10],
[658661,990798,10],
[658660,990798,10],
[658660,990797,10],
[658659,990797,10],
[658659,990797,10],
[658659,990797,10],
[658658,990796,10],
[658658,990796,10],
[658658,990796,10],
[658657,990795,10],
[658657,990795,10],
[658656,990795,10],
[658656,990794,10],
[658656,990794,10],
[658655,990794,10],
[658655,990794,10],
[658654,990793,10],
[658654,990793,10],
[658654,990793,10],
[658653,990792,10],
[658653,990792,10],
[658652,990792,10],
[658652,990791,10],
[658652,990791,10],
[658651,990791,10],
[658651,990791,10],
[658650,990790,10],
[658650,990790,10],
[658650,990790,10],
[658649,990789,10],
[658649,990789,10],
[658648,990789,10],
[658648,990788,10],
[658648,990788,11],
[658647,990788,11],
[658647,990788,11],
[658646,990787,11],
[658646,990787,11],
[658646,990787,11],
[658645,990786,11],
[658645,990786,11],
[658644,990786,11],
[658644,990785,11],
[658644,990785,11],
[658643,990785,11],
[658643,990785,11],
[658642,990784,11],
[658642,990784,11],
[658642,990784,11],
[658641,990783,11],
[658641,990783,11],
[658640,990783,11],
[658640,990782,11],
[658640,990782,11],
[658639,990782,11],
[658639,990782,11],
[658638,990781,11],
[658638,990781,11],
[658638,990781,11],
[658637,990780,11],
[658637,990780,11],
[658636,990780,11],
[658636,990779,11],
[658635,990779,11],
[658635,990779,11],
[658635,990779,11],
[658634,990778,11],
[658634,990778,11],
[658633,990778,11],
[658633,990777,11],
[658633,990777,11],
[658632,990777,11],
[658632,990777,11],
[658631,990776,11],
[658631,990776,11],
[658631,990776,11],
[658630,990775,11],
[658630,990775,11],
[658629,990775,11],
[658629,990774,11],
[658629,990774,11],
[658628,990774,11],
[658628,990774,11],
[658627,990773,11],
[658627,990773,11],
[658627,990773,11],
[658626,990772,11],
[658626,990772,11],
[658625,990772,11],
[658625,990772,11],
[658625,990771,11],
[658624,990771,11],
[658624,990771,11],
[658623,990770,11],
[658623,990770,11],
[658623,990770,11],
[658622,990769,11],
[658622,990769,11],
[658621,990769,11],
[658621,990769,11],
[658621,990768,11],
[658620,990768,11],
[658620,990768,11],
[658619,990767,11],
[658619,990767,11],
[658618,990767,11],
[658618,990767,11],
[658618,990766,11],
[658617,990766,11],
[658617,990766,11],
[658616,990765,11],
[658616,990765,11],
[658616,990765,11],
[658615,990765,11],
[658615,990764,11],
[658614,990764,11],
[658614,990764,11],
[658614,990763,11],
[658613,990763,11],
[658613,990763,11],
[658612,990762,11],
[658612,990762,11],
[658612,990762,11],
[658611,990762,11],
[658611,990761,11],
[658610,990761,11],
[658610,990761,11],
[658610,990760,11],
[658609,990760,11],
[658609,990760,11],
[658608,990760,11],
[658608,990759,12],
[658608,990759,12],
[658607,990759,12],
[658607,990758,12],
[658606,990758,12],
[658606,990758,12],
[658605,990758,12],
[658605,990757,12],
[658605,990757,12],
[658604,990757,12],
[658604,990756,12],
[658603,990756,12],
[658603,990756,12],
[658603,990756,12],
[658602,990755,12],
[658602,990755,12],
[658601,990755,12],
[658601,990754,12],
[658601,990754,12],
[658600,990754,12],
[658600,990753,12],
[658599,990753,12],
[658599,990753,12],
[658599,990753,12],
[658598,990752,12],
[658598,990752,12],
[658597,990752,12],
[658597,990751,12],
[658597,990751,12],
[658596,990751,12],
[658596,990751,12],
[658595,990750,12],
[658595,990750,12],
[658594,990750,12],
[658594,990749,12],
[658594,990749,12],
[658593,990749,12],
[658593,990749,12],
[658592,990748,12],
[658592,990748,12],
[658592,990748,12],
[658591,990747,12],
[658591,990747,12],
[658590,990747,12],
[658590,990747,12],
[658590,990746,12],
[658589,990746,12],
[658589,990746,12],
[658588,990745,12],
[658588,990745,12],
[658588,990745,12],
[658587,990744,12],
[658587,990744,12],
[658586,990744,12],
[658586,990744,12],
[658586,990743,12],
[658585,990743,12],
[658585,990743,12],
[658584,990742,12],
[658584,990742,12],
[658583,990742,12],
[658583,990742,12],
[658583,990741,12],
[658582,990741,12],
[658582,990741,12],
[658581,990740,12],
[658581,990740,12],
[658581,990740,13],
[658580,990740,13],
[658580,990739,13],
[658579,990739,13],
[658579,990739,13],
[658579,990738,13],
[658578,990738,13],
[658578,990738,13],
[658577,990738,13],
[658577,990737,13],
[658577,990737,13],
[658576,990737,13],
[658576,990736,13],
[658575,990736,13],
[658575,990736,13],
[658575,990736,13],
[658574,990735,13],
[658574,990735,13],
[658573,990735,13],
[658573,990734,13],
[658572,990734,13],
[658572,990734,13],
[658572,990733,13],
[658571,990733,13],
[658571,990733,13],
[658570,990733,13],
[658570,990732,13],
[658570,990732,13],
[658569,990732,13],
[658569,990731,13],
[658568,990731,13],
[658568,990731,13],
[658568,990731,13],
[658567,990730,13],
[658567,990730,13],
[658566,990730,13],
[658566,990729,13],
[658566,990729,13],
[658565,990729,13],
[658565,990729,13],
[658564,990728,13],
[658564,990728,13],
[658564,990728,13],
[658563,990727,13],
[658563,990727,13],
[658562,990727,13],
[658562,990727,13],
[658561,990726,13],
[658561,990726,13],
[658561,990726,13],
[658560,990725,13],
[658560,990725,13],
[658559,990725,13],
[658559,990724,13],
[658559,990724,13],
[658558,990724,14],
[658558,990724,14],
[658557,990723,14],
[658557,990723,14],
[658557,990723,14],
[658556,990722,14],
[658556,990722,14],
[658555,990722,14],
[658555,990722,14],
[658555,990721,14],
[658554,990721,14],
[658554,990721,14],
[658553,990720,14],
[658553,990720,14],
[658553,990720,14],
[658552,990720,14],
[658552,990719,14],
[658551,990719,14],
[658551,990719,14],
[658551,990718,14],
[658550,990718,14],
[658550,990718,14],
[658549,990718,14],
[658549,990717,14],
[658548,990717,14],
[658548,990717,14],
[658548,990716,14],
[658547,990716,14],
[658547,990716,14],
[658546,990715,14],
[658546,990715,14],
[658546,990715,14],
[658545,990715,14],
[658545,990714,14],
[658544,990714,14],
[658544,990714,14],
[658544,990713,14],
[658543,990713,14],
[658543,990713,14],
[658542,990713,14],
[658542,990712,14],
[658542,990712,14],
[658541,990712,14],
[658541,990711,14],
[658540,990711,14],
[658540,990711,14],
[658540,990711,14],
[658539,990710,14],
[658539,990710,14],
[658538,990710,14],
[658538,990709,15],
[658537,990709,15],
[658537,990709,15],
[658537,990709,15],
[658536,990708,15],
[658536,990708,15],
[658535,990708,15],
[658535,990707,15],
[658535,990707,15],
[658534,990707,15],
[658534,990707,15],
[658533,990706,15],
[658533,990706,15],
[658533,990706,15],
[658532,990705,15],
[658532,990705,15],
[658531,990705,15],
[658531,990704,15],
[658531,990704,15],
[658530,990704,15],
[658530,990704,15],
[658529,990703,15],
[658529,990703,15],
[658529,990703,15],
[658528,990702,15],
[658528,990702,15],
[658527,990702,15],
[658527,990702,15],
[658526,990701,15],
[658526,990701,15],
[658526,990701,15],
[658525,990700,15],
[658525,990700,15],
[658524,990700,15],
[658524,990700,15],
[658524,990699,15],
[658523,990699,15],
[658523,990699,15],
[658522,990698,15],
[658522,990698,15],
[658522,990698,15],
[658521,990698,15],
[658521,990697,15],
[658520,990697,15],
[658520,990697,15],
[658520,990696,15],
[658519,990696,15],
[658519,990696,15],
[658518,990695,15],
[658518,990695,15],
[658518,990695,16],
[658517,990695,16],
[658517,990694,16],
[658516,990694,16],
[658516,990694,16],
[658515,990693,16],
[658515,990693,16],
[658515,990693,16],
[658514,990693,16],
[658514,990692,16],
[658513,990692,16],
[658513,990692,16],
[658513,990691,16],
[658512,990691,16],
[658512,990691,16],
[658511,990691,16],
[658511,990690,16],
[658511,990690,16],
[658510,990690,16],
[658510,990689,16],
[658509,990689,16],
[658509,990689,16],
[658509,990689,16],
[658508,990688,16],
[658508,990688,16],
[658507,990688,16],
[658507,990687,16],
[658507,990687,16],
[658506,990687,16],
[658506,990686,16],
[658505,990686,16],
[658505,990686,16],
[658504,990686,16],
[658504,990685,16],
[658504,990685,16],
[658503,990685,16],
[658503,990684,16],
[658502,990684,16],
[658502,990684,16],
[658502,990684,16],
[658501,990683,16],
[658501,990683,16],
[658500,990683,16],
[658500,990682,16],
[658500,990682,16],
[658499,990682,16],
[658499,990682,16],
[658498,990681,16],
[658498,990681,16],
[658498,990681,16],
[658497,990680,17],
[658497,990680,17],
[658496,990680,17],
[658496,990680,17],
[658496,990679,17],
[658495,990679,17],
[658495,990679,17],
[658494,990678,17],
[658494,990678,17],
[658493,990678,17],
[658493,990677,17],
[658493,990677,17],
[658492,990677,17],
[658492,990677,17],
[658491,990676,17],
[658491,990676,17],
[658491,990676,17],
[658490,990675,17],
[658490,990675,17],
[658489,990675,17],
[658489,990675,17],
[658489,990674,17],
[658488,990674,17],
[658488,990674,17],
[658487,990673,17],
[658487,990673,17],
[658487,990673,17],
[658486,990673,17],
[658486,990672,17],
[658485,990672,17],
[658485,990672,17],
[658485,990671,17],
[658484,990671,17],
[658484,990671,17],
[658483,990671,17],
[658483,990670,17],
[658482,990670,17],
[658482,990670,17],
[658482,990669,17],
[658481,990669,17],
[658481,990669,17],
[658480,990669,17],
[658480,990668,17],
[658480,990668,17],
[658479,990668,17],
[658479,990667,17],
[658478,990667,17],
[658478,990667,17],
[658478,990666,17],
[658477,990666,17],
[658477,990666,18],
[658476,990666,18],
[658476,990665,18],
[658476,990665,18],
[658475,990665,18],
[658475,990664,18],
[658474,990664,18],
[658474,990664,18],
[658474,990664,18],
[658473,990663,18],
[658473,990663,18],
[658472,990663,18],
[658472,990662,18],
[658471,990662,18],
[658471,990662,18],
[658471,990662,18],
[658470,990661,18],
[658470,990661,18],
[658469,990661,18],
[658469,990660,18],
[658469,990660,18],
[658468,990660,18],
[658468,990660,18],
[658467,990659,18],
[658467,990659,18],
[658467,990659,18],
[658466,990658,18],
[658466,990658,18],
[658465,990658,18],
[658465,990657,18],
[658465,990657,18],
[658464,990657,18],
[658464,990657,18],
[658463,990656,18],
[658463,990656,18],
[658463,990656,18],
[658462,990655,18],
[658462,990655,18],
[658461,990655,18],
[658461,990655,18],
[658460,990654,18],
[658460,990654,18],
[658460,990654,18],
[658459,990653,18],
[658459,990653,18],
[658458,990653,18],
[658458,990653,18],
[658458,990652,18],
[658457,990652,18],
[658457,990652,18],
[658456,990651,19],
[658456,990651,19],
[658456,990651,19],
[658455,990651,19],
[658455,990650,19],
[658454,990650,19],
[658454,990650,19],
[658454,990649,19],
[658453,990649,19],
[658453,990649,19],
[658452,990648,19],
[658452,990648,19],
[658452,990648,19],
[658451,990648,19],
[658451,990647,19],
[658450,990647,19],
[658450,990647,19],
[658449,990646,19],
[658449,990646,19],
[658449,990646,19],
[658448,990646,19],
[658448,990645,19],
[658447,990645,19],
[658447,990645,19],
[658447,990644,19],
[658446,990644,19],
[658446,990644,19],
[658445,990644,19],
[658445,990643,19],
[658445,990643,19],
[658444,990643,19],
[658444,990642,19],
[658443,990642,19],
[658443,990642,19],
[658443,990642,19],
[658442,990641,19],
[658442,990641,19],
[658441,990641,19],
[658441,990640,19],
[658441,990640,19],
[658440,990640,19],
[658440,990640,19],
[658439,990639,19],
[658439,990639,19],
[658438,990639,19],
[658438,990638,19],
[658438,990638,19],
[658437,990638,19],
[658437,990637,19],
[658436,990637,19],
[658436,990637,20],
[658436,990637,20],
[658435,990636,20],
[658435,990636,20],
[658434,990636,20],
[658434,990635,20],
[658434,990635,20],
[658433,990635,20],
[658433,990635,20],
[658432,990634,20],
[658432,990634,20],
[658432,990634,20],
[658431,990633,20],
[658431,990633,20],
[658430,990633,20],
[658430,990633,20],
[658430,990632,20],
[658429,990632,20],
[658429,990632,20],
[658428,990631,20],
[658428,990631,20],
[658428,990631,20],
[658427,990631,20],
[658427,990630,20],
[658426,990630,20],
[658426,990630,20],
[658425,990629,20],
[658425,990629,20],
[658425,990629,20],
[658424,990628,20],
[658424,990628,20],
[658423,990628,20],
[658423,990628,20],
[658423,990627,20],
[658422,990627,20],
[658422,990627,20],
[658421,990626,20],
[658421,990626,20],
[658421,990626,20],
[658420,990626,20],
[658420,990625,20],
[658419,990625,20],
[658419,990625,20],
[658419,990624,20],
[658418,990624,20],
[658418,990624,20],
[658417,990624,20],
[658417,990623,20],
[658417,990623,20],
[658416,990623,20],
[658416,990622,21],
[658415,990622,21],
[658415,990622,21],
[658414,990622,21],
[658414,990621,21],
[658414,990621,21],
[658413,990621,21],
[658413,990620,21],
[658412,990620,21],
[658412,990620,21],
[658412,990619,21],
[658411,990619,21],
[658411,990619,21],
[658410,990619,21],
[658410,990618,21],
[658410,990618,21],
[658409,990618,21],
[658409,990617,21],
[658408,990617,21],
[658408,990617,21],
[658408,990617,21],
[658407,990616,21],
[658407,990616,21],
[658406,990616,21],
[658406,990615,21],
[658406,990615,21],
[658405,990615,21],
[658405,990615,21],
[658404,990614,21],
[658404,990614,21],
[658403,990614,21],
[658403,990613,21],
[658403,990613,21],
[658402,990613,21],
[658402,990613,21],
[658401,990612,21],
[658401,990612,21],
[658401,990612,21],
[658400,990611,21],
[658400,990611,21],
[658399,990611,21],
[658399,990610,21],
[658399,990610,21],
[658398,990610,21],
[658398,990610,21],
[658397,990609,21],
[658397,990609,21],
[658397,990609,21],
[658396,990608,21],
[658396,990608,21],
[658395,990608,22],
[658395,990608,22],
[658395,990607,22],
[658394,990607,22],
[658394,990607,22],
[658393,990606,22],
[658393,990606,22],
[658392,990606,22],
[658392,990606,22],
[658392,990605,22],
[658391,990605,22],
[658391,990605,22],
[658390,990604,22],
[658390,990604,22],
[658390,990604,22],
[658389,990603,22],
[658389,990603,22],
[658388,990603,22],
[658388,990603,22],
[658388,990602,22],
[658387,990602,22],
[658387,990602,22],
[658386,990601,22],
[658386,990601,22],
[658386,990601,22],
[658385,990601,22],
[658385,990600,22],
[658384,990600,22],
[658384,990600,22],
[658384,990599,22],
[658383,990599,22],
[658383,990599,22],
[658382,990599,22],
[658382,990598,22],
[658382,990598,22],
[658381,990598,22],
[658381,990597,22],
[658380,990597,22],
[658380,990597,22],
[658380,990596,22],
[658379,990596,22],
[658379,990596,22],
[658378,990596,22],
[658378,990595,22],
[658377,990595,22],
[658377,990595,22],
[658377,990594,22],
[658376,990594,22],
[658376,990594,22],
[658375,990594,22],
[658375,990593,23],
[658375,990593,23],
[658374,990593,23],
[658374,990592,23],
[658373,990592,23],
[658373,990592,23],
[658373,990591,23],
[658372,990591,23],
[658372,990591,23],
[658371,990591,23],
[658371,990590,23],
[658371,990590,23],
[658370,990590,23],
[658370,990589,23],
[658369,990589,23],
[658369,990589,23],
[658369,990589,23],
[658368,990588,23],
[658368,990588,23],
[658367,990588,23],
[658367,990587,23],
[658367,990587,23],
[658366,990587,23],
[658366,990586,23],
[658365,990586,23],
[658365,990586,23],
[658365,990586,23],
[658364,990585,23],
[658364,990585,23],
[658363,990585,23],
[658363,990584,23],
[658363,990584,23],
[658362,990584,23],
[658362,990583,23],
[658361,990583,23],
[658361,990583,23],
[658361,990583,23],
[658360,990582,23],
[658360,990582,23],
[658359,990582,23],
[658359,990581,23],
[658359,990581,23],
[658358,990581,23],
[658358,990580,23],
[658357,990580,23],
[658357,990580,23],
[658357,990580,23],
[658356,990579,23],
[658356,990579,23],
[658355,990579,23],
[658355,990578,24],
[658355,990578,24],
[658354,990578,24],
[658354,990578,24],
[658353,990577,24],
[658353,990577,24],
[658353,990577,24],
[658352,990576,24],
[658352,990576,24],
[658351,990576,24],
[658351,990575,24],
[658351,990575,24],
[658350,990575,24],
[658350,990575,24],
[658349,990574,24],
[658349,990574,24],
[658349,990574,24],
[658348,990573,24],
[658348,990573,24],
[658347,990573,24],
[658347,990572,24],
[658347,990572,24],
[658346,990572,24],
[658346,990571,24],
[658345,990571,24],
[658345,990571,24],
[658345,990571,24],
[658344,990570,24],
[658344,990570,24],
[658343,990570,24],
[658343,990569,24],
[658343,990569,24],
[658342,990569,24],
[658342,990568,24],
[658341,990568,24],
[658341,990568,24],
[658341,990568,24],
[658340,990567,24],
[658340,990567,24],
[658339,990567,24],
[658339,990566,24],
[658339,990566,24],
[658338,990566,24],
[658338,990565,24],
[658337,990565,24],
[658337,990565,24],
[658337,990565,24],
[658336,990564,24],
[658336,990564,24],
[658335,990564,24],
[658335,990563,25],
[658335,990563,25],
[658334,990563,25],
[658334,990562,25],
[658333,990562,25],
[658333,990562,25],
[658333,990561,25],
[658332,990561,25],
[658332,990561,25],
[658331,990561,25],
[658331,990560,25],
[658331,990560,25],
[658330,990560,25],
[658330,990559,25],
[658330,990559,25],
[658329,990559,25],
[658329,990558,25],
[658328,990558,25],
[658328,990558,25],
[658328,990557,25],
[658327,990557,25],
[658327,990557,25],
[658326,990557,25],
[658326,990556,25],
[658326,990556,25],
[658325,990556,25],
[658325,990555,25],
[658324,990555,25],
[658324,990555,25],
[658324,990554,25],
[658323,990554,25],
[658323,990554,25],
[658322,990553,25],
[658322,990553,25],
[658322,990553,25],
[658321,990552,25],
[658321,990552,25],
[658321,990552,25],
[658320,990552,25],
[658320,990551,25],
[658319,990551,25],
[658319,990551,25],
[658319,990550,25],
[658318,990550,25],
[658318,990550,25],
[658317,990549,25],
[658317,990549,25],
[658317,990549,25],
[658316,990548,25],
[658316,990548,25],
[658315,990548,26],
[658315,990547,26],
[658315,990547,26],
[658314,990547,26],
[658314,990547,26],
[658314,990546,26],
[658313,990546,26],
[658313,990546,26],
[658312,990545,26],
[658312,990545,26],
[658312,990545,26],
[658311,990544,26],
[658311,990544,26],
[658310,990544,26],
[658310,990543,26],
[658310,990543,26],
[658309,990543,26],
[658309,990542,26],
[658308,990542,26],
[658308,990542,26],
[658308,990541,26],
[658307,990541,26],
[658307,990541,26],
[658307,990540,26],
[658306,990540,26],
[658306,990540,26],
[658305,990540,26],
[658305,990539,26],
[658305,990539,26],
[658304,990539,26],
[658304,990538,26],
[658303,990538,26],
[658303,990538,26],
[658303,990537,26],
[658302,990537,26],
[658302,990537,26],
[658302,990536,26],
[658301,990536,26],
[658301,990536,26],
[658300,990535,26],
[658300,990535,26],
[658300,990535,26],
[658299,990534,26],
[658299,990534,26],
[658299,990534,26],
[658298,990533,26],
[658298,990533,26],
[658297,990533,26],
[658297,990532,26],
[658297,990532,26],
[658296,990532,27],
[658296,990531,27],
[658295,990531,27],
[658295,990531,27],
[658295,990530,27],
[658294,990530,27],
[658294,990530,27],
[658294,990529,27],
[658293,990529,27],
[658293,990529,27],
[658292,990529,27],
[658292,990528,27],
[658292,990528,27],
[658291,990528,27],
[658291,990527,27],
[658291,990527,27],
[658290,990527,27],
[658290,990526,27],
[658289,990526,27],
[658289,990526,27],
[658289,990525,27],
[658288,990525,27],
[658288,990525,27],
[658288,990524,27],
[658287,990524,27],
[658287,990524,27],
[658286,990523,27],
[658286,990523,27],
[658286,990523,27],
[658285,990522,27],
[658285,990522,27],
[658285,990522,27],
[658284,990521,27],
[658284,990521,27],
[658283,990521,27],
[658283,990520,27],
[658283,990520,27],
[658282,990520,27],
[658282,990519,27],
[658282,990519,27],
[658281,990519,27],
[658281,990518,27],
[658280,990518,27],
[658280,990518,27],
[658280,990517,27],
[658279,990517,27],
[658279,990517,27],
[658279,990516,27],
[658278,990516,27],
[658278,990516,27],
[658277,990515,28],
[658277,990515,28],
[658277,990515,28],
[658276,990514,28],
[658276,990514,28],
[658276,990514,28],
[658275,990513,28],
[658275,990513,28],
[658274,990513,28],
[658274,990512,28],
[658274,990512,28],
[658273,990512,28],
[658273,990511,28],
[658273,990511,28],
[658272,990511,28],
[658272,990510,28],
[658272,990510,28],
[658271,990510,28],
[658271,990509,28],
[658270,990509,28],
[658270,990509,28],
[658270,990508,28],
[658269,990508,28],
[658269,990508,28],
[658269,990507,28],
[658268,990507,28],
[658268,990507,28],
[658267,990506,28],
[658267,990506,28],
[658267,990505,28],
[658266,990505,28],
[658266,990505,28],
[658266,990504,28],
[658265,990504,28],
[658265,990504,28],
[658265,990503,28],
[658264,990503,28],
[658264,990503,28],
[658263,990502,28],
[658263,990502,28],
[658263,990502,28],
[658262,990501,28],
[658262,990501,28],
[658262,990501,28],
[658261,990500,28],
[658261,990500,28],
[658261,990500,28],
[658260,990499,28],
[658260,990499,28],
[658259,990499,28],
[658259,990498,29],
[658259,990498,29],
[658258,990498,29],
[658258,990497,29],
[658258,990497,29],
[658257,990497,29],
[658257,990496,29],
[658257,990496,29],
[658256,990496,29],
[658256,990495,29],
[658255,990495,29],
[658255,990495,29],
[658255,990494,29],
[658254,990494,29],
[658254,990493,29],
[658254,990493,29],
[658253,990493,29],
[658253,990492,29],
[658253,990492,29],
[658252,990492,29],
[658252,990491,29],
[658252,990491,29],
[658251,990491,29],
[658251,990490,29],
[658250,990490,29],
[658250,990490,29],
[658250,990489,29],
[658249,990489,29],
[658249,990489,29],
[658249,990488,29],
[658248,990488,29],
[658248,990488,29],
[658248,990487,29],
[658247,990487,29],
[658247,990486,29],
[658247,990486,29],
[658246,990486,29],
[658246,990485,29],
[658245,990485,29],
[658245,990485,29],
[658245,990484,29],
[658244,990484,29],
[658244,990484,29],
[658244,990483,29],
[658243,990483,29],
[658243,990483,29],
[658243,990482,29],
[658242,990482,29],
[658242,990482,29],
[658242,990481,29],
[658241,990481,30],
[658241,990480,30],
[658240,990480,30],
[658240,990480,30],
[658240,990479,30],
[658239,990479,30],
[658239,990479,30],
[658239,990478,30],
[658238,990478,30],
[658238,990478,30],
[658238,990477,30],
[658237,990477,30],
[658237,990477,30],
[658237,990476,30],
[658236,990476,30],
[658236,990476,30],
[658236,990475,30],
[658235,990475,30],
[658235,990474,30],
[658235,990474,30],
[658234,990474,30],
[658234,990473,30],
[658233,990473,30],
[658233,990473,30],
[658233,990472,30],
[658232,990472,30],
[658232,990472,30],
[658232,990471,30],
[658231,990471,30],
[658231,990471,30],
[658231,990470,30],
[658230,990470,30],
[658230,990469,30],
[658230,990469,30],
[658229,990469,30],
[658229,990468,30],
[658229,990468,30],
[658228,990468,30],
[658228,990467,30],
[658228,990467,30],
[658227,990467,30],
[658227,990466,30],
[658227,990466,30],
[658226,990465,30],
[658226,990465,30],
[658225,990465,30],
[658225,990464,30],
[658225,990464,30],
[658224,990464,30],
[658224,990463,30],
[658224,990463,31],
[658223,990463,31],
[658223,990462,31],
[658223,990462,31],
[658222,990461,31],
[658222,990461,31],
[658222,990461,31],
[658221,990460,31],
[658221,990460,31],
[658221,990460,31],
[658220,990459,31],
[658220,990459,31],
[658220,990459,31],
[658219,990458,31],
[658219,990458,31],
[658219,990457,31],
[658218,990457,31],
[658218,990457,31],
[658218,990456,31],
[658217,990456,31],
[658217,990456,31],
[658217,990455,31],
[658216,990455,31],
[658216,990455,31],
[658216,990454,31],
[658215,990454,31],
[658215,990453,31],
[658215,990453,31],
[658214,990453,31],
[658214,990452,31],
[658214,990452,31],
[658213,990452,31],
[658213,990451,31],
[658213,990451,31],
[658212,990450,31],
[658212,990450,31],
[658212,990450,31],
[658211,990449,31],
[658211,990449,31],
[658211,990449,31],
[658210,990448,31],
[658210,990448,31],
[658210,990448,31],
[658209,990447,31],
[658209,990447,31],
[658208,990446,31],
[658208,990446,31],
[658208,990446,31],
[658207,990445,31],
[658207,990445,31],
[658207,990445,32],
[658206,990444,32],
[658206,990444,32],
[658206,990443,32],
[658205,990443,32],
[658205,990443,32],
[658205,990442,32],
[658204,990442,32],
[658204,990442,32],
[658204,990441,32],
[658203,990441,32],
[658203,990440,32],
[658203,990440,32],
[658202,990440,32],
[658202,990439,32],
[658202,990439,32],
[658202,990439,32],
[658201,990438,32],
[658201,990438,32],
[658201,990437,32],
[658200,990437,32],
[658200,990437,32],
[658200,990436,32],
[658199,990436,32],
[658199,990436,32],
[658199,990435,32],
[658198,990435,32],
[658198,990434,32],
[658198,990434,32],
[658197,990434,32],
[658197,990433,32],
[658197,990433,32],
[658196,990433,32],
[658196,990432,32],
[658196,990432,32],
[658195,990431,32],
[658195,990431,32],
[658195,990431,32],
[658194,990430,32],
[658194,990430,32],
[658194,990430,32],
[658193,990429,32],
[658193,990429,32],
[658193,990428,32],
[658192,990428,32],
[658192,990428,32],
[658192,990427,32],
[658191,990427,32],
[658191,990426,32],
[658191,990426,32],
[658190,990426,33],
[658190,990425,33],
[658190,990425,33],
[658189,990425,33],
[658189,990424,33],
[658189,990424,33],
[658188,990423,33],
[658188,990423,33],
[658188,990423,33],
[658187,990422,33],
[658187,990422,33],
[658187,990422,33],
[658186,990421,33],
[658186,990421,33],
[658186,990420,33],
[658186,990420,33],
[658185,990420,33],
[658185,990419,33],
[658185,990419,33],
[658184,990418,33],
[658184,990418,33],
[658184,990418,33],
[658183,990417,33],
[658183,990417,33],
[658183,990417,33],
[658182,990416,33],
[658182,990416,33],
[658182,990415,33],
[658181,990415,33],
[658181,990415,33],
[658181,990414,33],
[658180,990414,33],
[658180,990413,33],
[658180,990413,33],
[658179,990413,33],
[658179,990412,33],
[658179,990412,33],
[658179,990412,33],
[658178,990411,33],
[658178,990411,33],
[658178,990410,33],
[658177,990410,33],
[658177,990410,33],
[658177,990409,33],
[658176,990409,33],
[658176,990408,33],
[658176,990408,33],
[658175,990408,33],
[658175,990407,33],
[658175,990407,33],
[658174,990406,34],
[658174,990406,34],
[658174,990406,34],
[658173,990405,34],
[658173,990405,34],
[658173,990405,34],
[658173,990404,34],
[658172,990404,34],
[658172,990403,34],
[658172,990403,34],
[658171,990403,34],
[658171,990402,34],
[658171,990402,34],
[658170,990401,34],
[658170,990401,34],
[658170,990401,34],
[658169,990400,34],
[658169,990400,34],
[658169,990399,34],
[658168,990399,34],
[658168,990399,34],
[658168,990398,34],
[658168,990398,34],
[658167,990397,34],
[658167,990397,34],
[658167,990397,34],
[658166,990396,34],
[658166,990396,34],
[658166,990396,34],
[658165,990395,34],
[658165,990395,34],
[658165,990394,34],
[658164,990394,34],
[658164,990394,34],
[658164,990393,34],
[658164,990393,34],
[658163,990392,34],
[658163,990392,34],
[658163,990392,34],
[658162,990391,34],
[658162,990391,34],
[658162,990390,34],
[658161,990390,34],
[658161,990390,34],
[658161,990389,34],
[658161,990389,34],
[658160,990388,34],
[658160,990388,34],
[658160,990388,34],
[658159,990387,34],
[658159,990387,35],
[658159,990386,35],
[658158,990386,35],
[658158,990386,35],
[658158,990385,35],
[658157,990385,35],
[658157,990384,35],
[658157,990384,35],
[658157,990384,35],
[658156,990383,35],
[658156,990383,35],
[658156,990382,35],
[658155,990382,35],
[658155,990382,35],
[658155,990381,35],
[658154,990381,35],
[658154,990380,35],
[658154,990380,35],
[658154,990380,35],
[658153,990379,35],
[658153,990379,35],
[658153,990378,35],
[658152,990378,35],
[658152,990378,35],
[658152,990377,35],
[658151,990377,35],
[658151,990376,35],
[658151,990376,35],
[658151,990376,35],
[658150,990375,35],
[658150,990375,35],
[658150,990374,35],
[658149,990374,35],
[658149,990374,35],
[658149,990373,35],
[658148,990373,35],
[658148,990372,35],
[658148,990372,35],
[658148,990372,35],
[658147,990371,35],
[658147,990371,35],
[658147,990370,35],
[658146,990370,35],
[658146,990370,35],
[658146,990369,35],
[658146,990369,35],
[658145,990368,35],
[658145,990368,35],
[658145,990368,35],
[658144,990367,35],
[658144,990367,36],
[658144,990366,36],
[658143,990366,36],
[658143,990366,36],
[658143,990365,36],
[658143,990365,36],
[658142,990364,36],
[658142,990364,36],
[658142,990363,36],
[658141,990363,36],
[658141,990363,36],
[658141,990362,36],
[658141,990362,36],
[658140,990361,36],
[658140,990361,36],
[658140,990361,36],
[658139,990360,36],
[658139,990360,36],
[658139,990359,36],
[658139,990359,36],
[658138,990359,36],
[658138,990358,36],
[658138,990358,36],
[658137,990357,36],
[658137,990357,36],
[658137,990357,36],
[658137,990356,36],
[658136,990356,36],
[658136,990355,36],
[658136,990355,36],
[658135,990355,36],
[658135,990354,36],
[658135,990354,36],
[658135,990353,36],
[658134,990353,36],
[658134,990352,36],
[658134,990352,36],
[658133,990352,36],
[658133,990351,36],
[658133,990351,36],
[658133,990350,36],
[658132,990350,36],
[658132,990350,36],
[658132,990349,36],
[658131,990349,36],
[658131,990348,36],
[658131,990348,36],
[658131,990348,36],
[658130,990347,36],
[658130,990347,36],
[658130,990346,37],
[658129,990346,37],
[658129,990345,37],
[658129,990345,37],
[658129,990345,37],
[658128,990344,37],
[658128,990344,37],
[658128,990343,37],
[658127,990343,37],
[658127,990343,37],
[658127,990342,37],
[658127,990342,37],
[658126,990341,37],
[658126,990341,37],
[658126,990340,37],
[658125,990340,37],
[658125,990340,37],
[658125,990339,37],
[658125,990339,37],
[658124,990338,37],
[658124,990338,37],
[658124,990338,37],
[658124,990337,37],
[658123,990337,37],
[658123,990336,37],
[658123,990336,37],
[658122,990336,37],
[658122,990335,37],
[658122,990335,37],
[658122,990334,37],
[658121,990334,37],
[658121,990333,37],
[658121,990333,37],
[658121,990333,37],
[658120,990332,37],
[658120,990332,37],
[658120,990331,37],
[658119,990331,37],
[658119,990330,37],
[658119,990330,37],
[658119,990330,37],
[658118,990329,37],
[658118,990329,37],
[658118,990328,37],
[658117,990328,37],
[658117,990328,37],
[658117,990327,37],
[658117,990327,37],
[658116,990326,37],
[658116,990326,37],
[658116,990325,38],
[658116,990325,38],
[658115,990325,38],
[658115,990324,38],
[658115,990324,38],
[658115,990323,38],
[658114,990323,38],
[658114,990323,38],
[658114,990322,38],
[658113,990322,38],
[658113,990321,38],
[658113,990321,38],
[658113,990320,38],
[658112,990320,38],
[658112,990320,38],
[658112,990319,38],
[658112,990319,38],
[658111,990318,38],
[658111,990318,38],
[658111,990317,38],
[658110,990317,38],
[658110,990317,38],
[658110,990316,38],
[658110,990316,38],
[658109,990315,38],
[658109,990315,38],
[658109,990314,38],
[658109,990314,38],
[658108,990314,38],
[658108,990313,38],
[658108,990313,38],
[658108,990312,38],
[658107,990312,38],
[658107,990312,38],
[658107,990311,38],
[658107,990311,38],
[658106,990310,38],
[658106,990310,38],
[658106,990309,38],
[658105,990309,38],
[658105,990309,38],
[658105,990308,38],
[658105,990308,38],
[658104,990307,38],
[658104,990307,38],
[658104,990306,38],
[658104,990306,38],
[658103,990306,38],
[658103,990305,38],
[658103,990305,38],
[658103,990304,39],
[658102,990304,39],
[658102,990303,39],
[658102,990303,39],
[658102,990303,39],
[658101,990302,39],
[658101,990302,39],
[658101,990301,39],
[658101,990301,39],
[658100,990300,39],
[658100,990300,39],
[658100,990300,39],
[658099,990299,39],
[658099,990299,39],
[658099,990298,39],
[658099,990298,39],
[658098,990297,39],
[658098,990297,39],
[658098,990297,39],
[658098,990296,39],
[658097,990296,39],
[658097,990295,39],
[658097,990295,39],
[658097,990294,39],
[658096,990294,39],
[658096,990294,39],
[658096,990293,39],
[658096,990293,39],
[658095,990292,39],
[658095,990292,39],
[658095,990291,39],
[658095,990291,39],
[658094,990291,39],
[658094,990290,39],
[658094,990290,39],
[658094,990289,39],
[658093,990289,39],
[658093,990288,39],
[658093,990288,39],
[658093,990288,39],
[658092,990287,39],
[658092,990287,39],
[658092,990286,39],
[658092,990286,39],
[658091,990285,39],
[658091,990285,39],
[658091,990284,39],
[658091,990284,39],
[658090,990284,39],
[658090,990283,39],
[658090,990283,40],
[658090,990282,40],
[658089,990282,40],
[658089,990281,40],
[658089,990281,40],
[658089,990281,40],
[658088,990280,40],
[658088,990280,40],
[658088,990279,40],
[658088,990279,40],
[658087,990278,40],
[658087,990278,40],
[658087,990278,40],
[658087,990277,40],
[658086,990277,40],
[658086,990276,40],
[658086,990276,40],
[658086,990275,40],
[658085,990275,40],
[658085,990274,40],
[658085,990274,40],
[658085,990274,40],
[658084,990273,40],
[658084,990273,40],
[658084,990272,40],
[658084,990272,40],
[658083,990271,40],
[658083,990271,40],
[658083,990271,40],
[658083,990270,40],
[658083,990270,40],
[658082,990269,40],
[658082,990269,40],
[658082,990268,40],
[658082,990268,40],
[658081,990267,40],
[658081,990267,40],
[658081,990267,40],
[658081,990266,40],
[658080,990266,40],
[658080,990265,40],
[658080,990265,40],
[658080,990264,40],
[658079,990264,40],
[658079,990264,40],
[658079,990263,40],
[658079,990263,40],
[658078,990262,40],
[658078,990262,40],
[658078,990261,40],
[658078,990261,41],
[658078,990260,41],
[658077,990260,41],
[658077,990260,41],
[658077,990259,41],
[658077,990259,41],
[658076,990258,41],
[658076,990258,41],
[658076,990257,41],
[658076,990257,41],
[658075,990256,41],
[658075,990256,41],
[658075,990256,41],
[658075,990255,41],
[658074,990255,41],
[658074,990254,41],
[658074,990254,41],
[658074,990253,41],
[658074,990253,41],
[658073,990253,41],
[658073,990252,41],
[658073,990252,41],
[658073,990251,41],
[658072,990251,41],
[658072,990250,41],
[658072,990250,41],
[658072,990249,41],
[658071,990249,41],
[658071,990249,41],
[658071,990248,41],
[658071,990248,41],
[658071,990247,41],
[658070,990247,41],
[658070,990246,41],
[658070,990246,41],
[658070,990245,41],
[658069,990245,41],
[658069,990245,41],
[658069,990244,41],
[658069,990244,41],
[658068,990243,41],
[658068,990243,41],
[658068,990242,41],
[658068,990242,41],
[658068,990241,41],
[658067,990241,41],
[658067,990241,41],
[658067,990240,41],
[658067,990240,41],
[658066,990239,41],
[658066,990239,42],
[658066,990238,42],
[658066,990238,42],
[658066,990237,42],
[658065,990237,42],
[658065,990236,42],
[658065,990236,42],
[658065,990236,42],
[658064,990235,42],
[658064,990235,42],
[658064,990234,42],
[658064,990234,42],
[658063,990233,42],
[658063,990233,42],
[658063,990232,42],
[658063,990232,42],
[658063,990232,42],
[658062,990231,42],
[658062,990231,42],
[658062,990230,42],
[658062,990230,42],
[658062,990229,42],
[658061,990229,42],
[658061,990228,42],
[658061,990228,42],
[658061,990228,42],
[658060,990227,42],
[658060,990227,42],
[658060,990226,42],
[658060,990226,42],
[658060,990225,42],
[658059,990225,42],
[658059,990224,42],
[658059,990224,42],
[658059,990223,42],
[658058,990223,42],
[658058,990223,42],
[658058,990222,42],
[658058,990222,42],
[658058,990221,42],
[658057,990221,42],
[658057,990220,42],
[658057,990220,42],
[658057,990219,42],
[658056,990219,42],
[658056,990219,42],
[658056,990218,42],
[658056,990218,42],
[658056,990217,42],
[658055,990217,42],
[658055,990216,43],
[658055,990216,43],
[658055,990215,43],
[658055,990215,43],
[658054,990214,43],
[658054,990214,43],
[658054,990214,43],
[658054,990213,43],
[658054,990213,43],
[658053,990212,43],
[658053,990212,43],
[658053,990211,43],
[658053,990211,43],
[658052,990210,43],
[658052,990210,43],
[658052,990209,43],
[658052,990209,43],
[658052,990209,43],
[658051,990208,43],
[658051,990208,43],
[658051,990207,43],
[658051,990207,43],
[658051,990206,43],
[658050,990206,43],
[658050,990205,43],
[658050,990205,43],
[658050,990204,43],
[658050,990204,43],
[658049,990204,43],
[658049,990203,43],
[658049,990203,43],
[658049,990202,43],
[658049,990202,43],
[658048,990201,43],
[658048,990201,43],
[658048,990200,43],
[658048,990200,43],
[658047,990199,43],
[658047,990199,43],
[658047,990199,43],
[658047,990198,43],
[658047,990198,43],
[658046,990197,43],
[658046,990197,43],
[658046,990196,43],
[658046,990196,43],
[658046,990195,43],
[658045,990195,43],
[658045,990194,43],
[658045,990194,43],
[658045,990194,44],
[658045,990193,44],
[658044,990193,44],
[658044,990192,44],
[658044,990192,44],
[658044,990191,44],
[658044,990191,44],
[658043,990190,44],
[658043,990190,44],
[658043,990189,44],
[658043,990189,44],
[658043,990188,44],
[658042,990188,44],
[658042,990188,44],
[658042,990187,44],
[658042,990187,44],
[658042,990186,44],
[658041,990186,44],
[658041,990185,44],
[658041,990185,44],
[658041,990184,44],
[658041,990184,44],
[658040,990183,44],
[658040,990183,44],
[658040,990183,44],
[658040,990182,44],
[658040,990182,44],
[658039,990181,44],
[658039,990181,44],
[658039,990180,44],
[658039,990180,44],
[658039,990179,44],
[658039,990179,44],
[658038,990178,44],
[658038,990178,44],
[658038,990177,44],
[658038,990177,44],
[658038,990177,44],
[658037,990176,44],
[658037,990176,44],
[658037,990175,44],
[658037,990175,44],
[658037,990174,44],
[658036,990174,44],
[658036,990173,44],
[658036,990173,44],
[658036,990172,44],
[658036,990172,44],
[658035,990171,44],
[658035,990171,44],
[658035,990171,45],
[658035,990170,45],
[658035,990170,45],
[658035,990169,45],
[658034,990169,45],
[658034,990168,45],
[658034,990168,45],
[658034,990167,45],
[658034,990167,45],
[658033,990166,45],
[658033,990166,45],
[658033,990165,45],
[658033,990165,45],
[658033,990164,45],
[658032,990164,45],
[658032,990164,45],
[658032,990163,45],
[658032,990163,45],
[658032,990162,45],
[658032,990162,45],
[658031,990161,45],
[658031,990161,45],
[658031,990160,45],
[658031,990160,45],
[658031,990159,45],
[658030,990159,45],
[658030,990158,45],
[658030,990158,45],
[658030,990158,45],
[658030,990157,45],
[658030,990157,45],
[658029,990156,45],
[658029,990156,45],
[658029,990155,45],
[658029,990155,45],
[658029,990154,45],
[658028,990154,45],
[658028,990153,45],
[658028,990153,45],
[658028,990152,45],
[658028,990152,45],
[658028,990151,45],
[658027,990151,45],
[658027,990151,45],
[658027,990150,45],
[658027,990150,45],
[658027,990149,45],
[658026,990149,45],
[658026,990148,45],
[658026,990148,45],
[658026,990147,46],
[658026,990147,46],
[658026,990146,46],
[658025,990146,46],
[658025,990145,46],
[658025,990145,46],
[658025,990144,46],
[658025,990144,46],
[658025,990143,46],
[658024,990143,46],
[658024,990143,46],
[658024,990142,46],
[658024,990142,46],
[658024,990141,46],
[658023,990141,46],
[658023,990140,46],
[658023,990140,46],
[658023,990139,46],
[658023,990139,46],
[658023,990138,46],
[658022,990138,46],
[658022,990137,46],
[658022,990137,46],
[658022,990136,46],
[658022,990136,46],
[658022,990136,46],
[658021,990135,46],
[658021,990135,46],
[658021,990134,46],
[658021,990134,46],
[658021,990133,46],
[658021,990133,46],
[658020,990132,46],
[658020,990132,46],
[658020,990131,46],
[658020,990131,46],
[658020,990130,46],
[658020,990130,46],
[658019,990129,46],
[658019,990129,46],
[658019,990128,46],
[658019,990128,46],
[658019,990128,46],
[658019,990127,46],
[658018,990127,46],
[658018,990126,46],
[658018,990126,46],
[658018,990125,46],
[658018,990125,46],
[658017,990124,46],
[658017,990124,47],
[658017,990123,47],
[658017,990123,47],
[658017,990122,47],
[658017,990122,47],
[658016,990121,47],
[658016,990121,47],
[658016,990120,47],
[658016,990120,47],
[658016,990120,47],
[658016,990119,47],
[658016,990119,47],
[658015,990118,47],
[658015,990118,47],
[658015,990117,47],
[658015,990117,47],
[658015,990116,47],
[658015,990116,47],
[658014,990115,47],
[658014,990115,47],
[658014,990114,47],
[658014,990114,47],
[658014,990113,47],
[658014,990113,47],
[658013,990112,47],
[658013,990112,47],
[658013,990111,47],
[658013,990111,47],
[658013,990111,47],
[658013,990110,47],
[658012,990110,47],
[658012,990109,47],
[658012,990109,47],
[658012,990108,47],
[658012,990108,47],
[658012,990107,47],
[658011,990107,47],
[658011,990106,47],
[658011,990106,47],
[658011,990105,47],
[658011,990105,47],
[658011,990104,47],
[658010,990104,47],
[658010,990103,47],
[658010,990103,47],
[658010,990102,47],
[658010,990102,47],
[658010,990102,47],
[658010,990101,47],
[658009,990101,47],
[658009,990100,48],
[658009,990100,48],
[658009,990099,48],
[658009,990099,48],
[658009,990098,48],
[658008,990098,48],
[658008,990097,48],
[658008,990097,48],
[658008,990096,48],
[658008,990096,48],
[658008,990095,48],
[658007,990095,48],
[658007,990094,48],
[658007,990094,48],
[658007,990093,48],
[658007,990093,48],
[658007,990093,48],
[658007,990092,48],
[658006,990092,48],
[658006,990091,48],
[658006,990091,48],
[658006,990090,48],
[658006,990090,48],
[658006,990089,48],
[658005,990089,48],
[658005,990088,48],
[658005,990088,48],
[658005,990087,48],
[658005,990087,48],
[658005,990086,48],
[658004,990086,48],
[658004,990085,48],
[658004,990085,48],
[658004,990084,48],
[658004,990084,48],
[658004,990084,48],
[658004,990083,48],
[658003,990083,48],
[658003,990082,48],
[658003,990082,48],
[658003,990081,48],
[658003,990081,48],
[658003,990080,48],
[658002,990080,48],
[658002,990079,48],
[658002,990079,48],
[658002,990078,48],
[658002,990078,48],
[658002,990077,48],
[658002,990077,48],
[658001,990076,49],
[658001,990076,49],
[658001,990075,49],
[658001,990075,49],
[658001,990074,49],
[658001,990074,49],
[658000,990074,49],
[658000,990073,49],
[658000,990073,49],
[658000,990072,49],
[658000,990072,49],
[658000,990071,49],
[658000,990071,49],
[657999,990070,49],
[657999,990070,49],
[657999,990069,49],
[657999,990069,49],
[657999,990068,49],
[657999,990068,49],
[657999,990067,49],
[657998,990067,49],
[657998,990066,49],
[657998,990066,49],
[657998,990065,49],
[657998,990065,49],
[657998,990064,49],
[657997,990064,49],
[657997,990064,49],
[657997,990063,49],
[657997,990063,49],
[657997,990062,49],
[657997,990062,49],
[657997,990061,49],
[657996,990061,49],
[657996,990060,49],
[657996,990060,49],
[657996,990059,49],
[657996,990059,49],
[657996,990058,49],
[657996,990058,49],
[657995,990057,49],
[657995,990057,49],
[657995,990056,49],
[657995,990056,49],
[657995,990055,49],
[657995,990055,49],
[657994,990054,49],
[657994,990054,49],
[657994,990053,49],
[657994,990053,49],
[657994,990053,50],
[657994,990052,50],
[657994,990052,50],
[657993,990051,50],
[657993,990051,50],
[657993,990050,50],
[657993,990050,50],
[657993,990049,50],
[657993,990049,50],
[657993,990048,50],
[657992,990048,50],
[657992,990047,50],
[657992,990047,50],
[657992,990046,50],
[657992,990046,50],
[657992,990045,50],
[657991,990045,50],
[657991,990044,50],
[657991,990044,50],
[657991,990043,50],
[657991,990043,50],
[657991,990043,50],
[657991,990042,50],
[657990,990042,50],
[657990,990041,50],
[657990,990041,50],
[657990,990040,50],
[657990,990040,50],
[657990,990039,50],
[657990,990039,50],
[657989,990038,50],
[657989,990038,50],
[657989,990037,50],
[657989,990037,50],
[657989,990036,50],
[657989,990036,50],
[657989,990035,50],
[657988,990035,50],
[657988,990034,50],
[657988,990034,50],
[657988,990033,50],
[657988,990033,50],
[657988,990032,50],
[657987,990032,50],
[657987,990032,50],
[657987,990031,50],
[657987,990031,50],
[657987,990030,50],
[657987,990030,50],
[657987,990029,50],
[657986,990029,51],
[657986,990028,51],
[657986,990028,51],
[657986,990027,51],
[657986,990027,51],
[657986,990026,51],
[657986,990026,51],
[657985,990025,51],
[657985,990025,51],
[657985,990024,51],
[657985,990024,51],
[657985,990023,51],
[657985,990023,51],
[657985,990022,51],
[657984,990022,51],
[657984,990022,51],
[657984,990021,51],
[657984,990021,51],
[657984,990020,51],
[657984,990020,51],
[657983,990019,51],
[657983,990019,51],
[657983,990018,51],
[657983,990018,51],
[657983,990017,51],
[657983,990017,51],
[657983,990016,51],
[657982,990016,51],
[657982,990015,51],
[657982,990015,51],
[657982,990014,51],
[657982,990014,51],
[657982,990013,51],
[657982,990013,51],
[657981,990012,51],
[657981,990012,51],
[657981,990011,51],
[657981,990011,51],
[657981,990011,51],
[657981,990010,51],
[657981,990010,51],
[657980,990009,51],
[657980,990009,51],
[657980,990008,51],
[657980,990008,51],
[657980,990007,51],
[657980,990007,51],
[657979,990006,51],
[657979,990006,51],
[657979,990005,51],
[657979,990005,52],
[657979,990004,52],
[657979,990004,52],
[657979,990003,52],
[657978,990003,52],
[657978,990002,52],
[657978,990002,52],
[657978,990001,52],
[657978,990001,52],
[657978,990000,52],
[657978,990000,52],
[657977,990000,52],
[657977,989999,52],
[657977,989999,52],
[657977,989998,52],
[657977,989998,52],
[657977,989997,52],
[657977,989997,52],
[657976,989996,52],
[657976,989996,52],
[657976,989995,52],
[657976,989995,52],
[657976,989994,52],
[657976,989994,52],
[657975,989993,52],
[657975,989993,52],
[657975,989992,52],
[657975,989992,52],
[657975,989991,52],
[657975,989991,52],
[657975,989990,52],
[657974,989990,52],
[657974,989990,52],
[657974,989989,52],
[657974,989989,52],
[657974,989988,52],
[657974,989988,52],
[657974,989987,52],
[657973,989987,52],
[657973,989986,52],
[657973,989986,52],
[657973,989985,52],
[657973,989985,52],
[657973,989984,52],
[657973,989984,52],
[657972,989983,52],
[657972,989983,52],
[657972,989982,52],
[657972,989982,52],
[657972,989981,52],
[657972,989981,53],
[657971,989980,53],
[657971,989980,53],
[657971,989979,53],
[657971,989979,53],
[657971,989979,53],
[657971,989978,53],
[657971,989978,53],
[657970,989977,53],
[657970,989977,53],
[657970,989976,53],
[657970,989976,53],
[657970,989975,53],
[657970,989975,53],
[657970,989974,53],
[657969,989974,53],
[657969,989973,53],
[657969,989973,53],
[657969,989972,53],
[657969,989972,53],
[657969,989971,53],
[657969,989971,53],
[657968,989970,53],
[657968,989970,53],
[657968,989969,53],
[657968,989969,53],
[657968,989968,53],
[657968,989968,53],
[657967,989968,53],
[657967,989967,53],
[657967,989967,53],
[657967,989966,53],
[657967,989966,53],
[657967,989965,53],
[657967,989965,53],
[657966,989964,53],
[657966,989964,53],
[657966,989963,53],
[657966,989963,53],
[657966,989962,53],
[657966,989962,53],
[657966,989961,53],
[657965,989961,53],
[657965,989960,53],
[657965,989960,53],
[657965,989959,53],
[657965,989959,53],
[657965,989958,53],
[657965,989958,53],
[657964,989958,53],
[657964,989957,54],
[657964,989957,54],
[657964,989956,54],
[657964,989956,54],
[657964,989955,54],
[657963,989955,54],
[657963,989954,54],
[657963,989954,54],
[657963,989953,54],
[657963,989953,54],
[657963,989952,54],
[657963,989952,54],
[657962,989951,54],
[657962,989951,54],
[657962,989950,54],
[657962,989950,54],
[657962,989949,54],
[657962,989949,54],
[657962,989948,54],
[657961,989948,54],
[657961,989947,54],
[657961,989947,54],
[657961,989947,54],
[657961,989946,54],
[657961,989946,54],
[657961,989945,54],
[657960,989945,54],
[657960,989944,54],
[657960,989944,54],
[657960,989943,54],
[657960,989943,54],
[657960,989942,54],
[657959,989942,54],
[657959,989941,54],
[657959,989941,54],
[657959,989940,54],
[657959,989940,54],
[657959,989939,54],
[657959,989939,54],
[657958,989938,54],
[657958,989938,54],
[657958,989937,54],
[657958,989937,54],
[657958,989937,54],
[657958,989936,54],
[657958,989936,54],
[657957,989935,54],
[657957,989935,54],
[657957,989934,54],
[657957,989934,54],
[657957,989933,55],
[657957,989933,55],
[657956,989932,55],
[657956,989932,55],
[657956,989931,55],
[657956,989931,55],
[657956,989930,55],
[657956,989930,55],
[657956,989929,55],
[657955,989929,55],
[657955,989928,55],
[657955,989928,55],
[657955,989927,55],
[657955,989927,55],
[657955,989926,55],
[657954,989926,55],
[657954,989926,55],
[657954,989925,55],
[657954,989925,55],
[657954,989924,55],
[657954,989924,55],
[657954,989923,55],
[657953,989923,55],
[657953,989922,55],
[657953,989922,55],
[657953,989921,55],
[657953,989921,55],
[657953,989920,55],
[657953,989920,55],
[657952,989919,55],
[657952,989919,55],
[657952,989918,55],
[657952,989918,55],
[657952,989917,55],
[657952,989917,55],
[657951,989916,55],
[657951,989916,55],
[657951,989916,55],
[657951,989915,55],
[657951,989915,55],
[657951,989914,55],
[657951,989914,55],
[657950,989913,55],
[657950,989913,55],
[657950,989912,55],
[657950,989912,55],
[657950,989911,55],
[657950,989911,55],
[657949,989910,55],
[657949,989910,55],
[657949,989909,56],
[657949,989909,56],
[657949,989908,56],
[657949,989908,56],
[657948,989907,56],
[657948,989907,56],
[657948,989907,56],
[657948,989906,56],
[657948,989906,56],
[657948,989905,56],
[657948,989905,56],
[657947,989904,56],
[657947,989904,56],
[657947,989903,56],
[657947,989903,56],
[657947,989902,56],
[657947,989902,56],
[657946,989901,56],
[657946,989901,56],
[657946,989900,56],
[657946,989900,56],
[657946,989899,56],
[657946,989899,56],
[657945,989898,56],
[657945,989898,56],
[657945,989898,56],
[657945,989897,56],
[657945,989897,56],
[657945,989896,56],
[657944,989896,56],
[657944,989895,56],
[657944,989895,56],
[657944,989894,56],
[657944,989894,56],
[657944,989893,56],
[657943,989893,56],
[657943,989892,56],
[657943,989892,56],
[657943,989891,56],
[657943,989891,56],
[657943,989890,56],
[657943,989890,56],
[657942,989889,56],
[657942,989889,56],
[657942,989889,56],
[657942,989888,56],
[657942,989888,56],
[657942,989887,56],
[657941,989887,56],
[657941,989886,56],
[657941,989886,57],
[657941,989885,57],
[657941,989885,57],
[657941,989884,57],
[657940,989884,57],
[657940,989883,57],
[657940,989883,57],
[657940,989882,57],
[657940,989882,57],
[657939,989881,57],
[657939,989881,57],
[657939,989881,57],
[657939,989880,57],
[657939,989880,57],
[657939,989879,57],
[657938,989879,57],
[657938,989878,57],
[657938,989878,57],
[657938,989877,57],
[657938,989877,57],
[657938,989876,57],
[657937,989876,57],
[657937,989875,57],
[657937,989875,57],
[657937,989874,57],
[657937,989874,57],
[657937,989874,57],
[657936,989873,57],
[657936,989873,57],
[657936,989872,57],
[657936,989872,57],
[657936,989871,57],
[657936,989871,57],
[657935,989870,57],
[657935,989870,57],
[657935,989869,57],
[657935,989869,57],
[657935,989868,57],
[657934,989868,57],
[657934,989867,57],
[657934,989867,57],
[657934,989866,57],
[657934,989866,57],
[657934,989866,57],
[657933,989865,57],
[657933,989865,57],
[657933,989864,57],
[657933,989864,57],
[657933,989863,57],
[657932,989863,57],
[657932,989862,58],
[657932,989862,58],
[657932,989861,58],
[657932,989861,58],
[657932,989860,58],
[657931,989860,58],
[657931,989859,58],
[657931,989859,58],
[657931,989859,58],
[657931,989858,58],
[657930,989858,58],
[657930,989857,58],
[657930,989857,58],
[657930,989856,58],
[657930,989856,58],
[657930,989855,58],
[657929,989855,58],
[657929,989854,58],
[657929,989854,58],
[657929,989853,58],
[657929,989853,58],
[657928,989853,58],
[657928,989852,58],
[657928,989852,58],
[657928,989851,58],
[657928,989851,58],
[657927,989850,58],
[657927,989850,58],
[657927,989849,58],
[657927,989849,58],
[657927,989848,58],
[657926,989848,58],
[657926,989847,58],
[657926,989847,58],
[657926,989847,58],
[657926,989846,58],
[657925,989846,58],
[657925,989845,58],
[657925,989845,58],
[657925,989844,58],
[657925,989844,58],
[657925,989843,58],
[657924,989843,58],
[657924,989842,58],
[657924,989842,58],
[657924,989841,58],
[657924,989841,58],
[657923,989841,58],
[657923,989840,58],
[657923,989840,58],
[657923,989839,59],
[657923,989839,59],
[657922,989838,59],
[657922,989838,59],
[657922,989837,59],
[657922,989837,59],
[657922,989836,59],
[657921,989836,59],
[657921,989836,59],
[657921,989835,59],
[657921,989835,59],
[657920,989834,59],
[657920,989834,59],
[657920,989833,59],
[657920,989833,59],
[657920,989832,59],
[657919,989832,59],
[657919,989831,59],
[657919,989831,59],
[657919,989831,59],
[657919,989830,59],
[657918,989830,59],
[657918,989829,59],
[657918,989829,59],
[657918,989828,59],
[657918,989828,59],
[657917,989827,59],
[657917,989827,59],
[657917,989826,59],
[657917,989826,59],
[657917,989826,59],
[657916,989825,59],
[657916,989825,59],
[657916,989824,59],
[657916,989824,59],
[657915,989823,59],
[657915,989823,59],
[657915,989822,59],
[657915,989822,59],
[657915,989821,59],
[657914,989821,59],
[657914,989821,59],
[657914,989820,59],
[657914,989820,59],
[657913,989819,59],
[657913,989819,59],
[657913,989818,59],
[657913,989818,59],
[657913,989817,59],
[657912,989817,59],
[657912,989817,60],
[657912,989816,60],
[657912,989816,60],
[657912,989815,60],
[657911,989815,60],
[657911,989814,60],
[657911,989814,60],
[657911,989813,60],
[657910,989813,60],
[657910,989813,60],
[657910,989812,60],
[657910,989812,60],
[657909,989811,60],
[657909,989811,60],
[657909,989810,60],
[657909,989810,60],
[657909,989809,60],
[657908,989809,60],
[657908,989809,60],
[657908,989808,60],
[657908,989808,60],
[657907,989807,60],
[657907,989807,60],
[657907,989806,60],
[657907,989806,60],
[657906,989805,60],
[657906,989805,60],
[657906,989805,60],
[657906,989804,60],
[657906,989804,60],
[657905,989803,60],
[657905,989803,60],
[657905,989802,60],
[657905,989802,60],
[657904,989801,60],
[657904,989801,60],
[657904,989801,60],
[657904,989800,60],
[657903,989800,60],
[657903,989799,60],
[657903,989799,60],
[657903,989798,60],
[657902,989798,60],
[657902,989797,60],
[657902,989797,60],
[657902,989797,60],
[657901,989796,60],
[657901,989796,60],
[657901,989795,60],
[657901,989795,60],
[657901,989794,61],
[657900,989794,61],
[657900,989794,61],
[657900,989793,61],
[657900,989793,61],
[657899,989792,61],
[657899,989792,61],
[657899,989791,61],
[657899,989791,61],
[657898,989790,61],
[657898,989790,61],
[657898,989790,61],
[657898,989789,61],
[657897,989789,61],
[657897,989788,61],
[657897,989788,61],
[657897,989787,61],
[657896,989787,61],
[657896,989787,61],
[657896,989786,61],
[657896,989786,61],
[657895,989785,61],
[657895,989785,61],
[657895,989784,61],
[657895,989784,61],
[657894,989784,61],
[657894,989783,61],
[657894,989783,61],
[657894,989782,61],
[657893,989782,61],
[657893,989781,61],
[657893,989781,61],
[657893,989781,61],
[657892,989780,61],
[657892,989780,61],
[657892,989779,61],
[657891,989779,61],
[657891,989778,61],
[657891,989778,61],
[657891,989778,61],
[657890,989777,61],
[657890,989777,61],
[657890,989776,61],
[657890,989776,61],
[657889,989775,61],
[657889,989775,61],
[657889,989775,61],
[657889,989774,61],
[657888,989774,61],
[657888,989773,61],
[657888,989773,62],
[657888,989772,62],
[657887,989772,62],
[657887,989772,62],
[657887,989771,62],
[657886,989771,62],
[657886,989770,62],
[657886,989770,62],
[657886,989769,62],
[657885,989769,62],
[657885,989769,62],
[657885,989768,62],
[657885,989768,62],
[657884,989767,62],
[657884,989767,62],
[657884,989767,62],
[657884,989766,62],
[657883,989766,62],
[657883,989765,62],
[657883,989765,62],
[657882,989764,62],
[657882,989764,62],
[657882,989764,62],
[657882,989763,62],
[657881,989763,62],
[657881,989762,62],
[657881,989762,62],
[657881,989762,62],
[657880,989761,62],
[657880,989761,62],
[657880,989760,62],
[657879,989760,62],
[657879,989759,62],
[657879,989759,62],
[657879,989759,62],
[657878,989758,62],
[657878,989758,62],
[657878,989757,62],
[657877,989757,62],
[657877,989757,62],
[657877,989756,62],
[657877,989756,62],
[657876,989755,62],
[657876,989755,62],
[657876,989754,62],
[657876,989754,62],
[657875,989754,62],
[657875,989753,62],
[657875,989753,62],
[657874,989752,62],
[657874,989752,63],
[657874,989752,63],
[657874,989751,63],
[657873,989751,63],
[657873,989750,63],
[657873,989750,63],
[657872,989750,63],
[657872,989749,63],
[657872,989749,63],
[657872,989748,63],
[657871,989748,63],
[657871,989747,63],
[657871,989747,63],
[657870,989747,63],
[657870,989746,63],
[657870,989746,63],
[657869,989745,63],
[657869,989745,63],
[657869,989745,63],
[657869,989744,63],
[657868,989744,63],
[657868,989743,63],
[657868,989743,63],
[657867,989743,63],
[657867,989742,63],
[657867,989742,63],
[657867,989741,63],
[657866,989741,63],
[657866,989741,63],
[657866,989740,63],
[657865,989740,63],
[657865,989739,63],
[657865,989739,63],
[657864,989739,63],
[657864,989738,63],
[657864,989738,63],
[657864,989737,63],
[657863,989737,63],
[657863,989737,63],
[657863,989736,63],
[657862,989736,63],
[657862,989735,63],
[657862,989735,63],
[657861,989735,63],
[657861,989734,63],
[657861,989734,63],
[657861,989733,63],
[657860,989733,63],
[657860,989733,63],
[657860,989732,63],
[657859,989732,64],
[657859,989731,64],
[657859,989731,64],
[657858,989731,64],
[657858,989730,64],
[657858,989730,64],
[657858,989729,64],
[657857,989729,64],
[657857,989729,64],
[657857,989728,64],
[657856,989728,64],
[657856,989727,64],
[657856,989727,64],
[657855,989727,64],
[657855,989726,64],
[657855,989726,64],
[657854,989725,64],
[657854,989725,64],
[657854,989725,64],
[657854,989724,64],
[657853,989724,64],
[657853,989724,64],
[657853,989723,64],
[657852,989723,64],
[657852,989722,64],
[657852,989722,64],
[657851,989722,64],
[657851,989721,64],
[657851,989721,64],
[657850,989720,64],
[657850,989720,64],
[657850,989720,64],
[657849,989719,64],
[657849,989719,64],
[657849,989718,64],
[657848,989718,64],
[657848,989718,64],
[657848,989717,64],
[657848,989717,64],
[657847,989717,64],
[657847,989716,64],
[657847,989716,64],
[657846,989715,64],
[657846,989715,64],
[657846,989715,64],
[657845,989714,64],
[657845,989714,64],
[657845,989713,64],
[657844,989713,64],
[657844,989713,64],
[657844,989712,65],
[657843,989712,65],
[657843,989712,65],
[657843,989711,65],
[657842,989711,65],
[657842,989710,65],
[657842,989710,65],
[657841,989710,65],
[657841,989709,65],
[657841,989709,65],
[657840,989709,65],
[657840,989708,65],
[657840,989708,65],
[657839,989707,65],
[657839,989707,65],
[657839,989707,65],
[657838,989706,65],
[657838,989706,65],
[657838,989706,65],
[657837,989705,65],
[657837,989705,65],
[657837,989704,65],
[657836,989704,65],
[657836,989704,65],
[657836,989703,65],
[657835,989703,65],
[657835,989703,65]]
