[[659128,991726,6],
[659127,991726,6],
[659127,991726,6],
[659127,991725,6],
[659126,991725,6],
[659126,991725,6],
[659126,991724,6],
[659125,991724,6],
[659125,991723,6],
[659124,991723,6],
[659124,991723,6],
[659124,991722,6],
[659123,991722,6],
[659123,991722,6],
[659123,991721,6],
[659122,991721,6],
[659122,991721,6],
[659122,991720,6],
[659121,991720,6],
[659121,991720,6],
[659121,991719,6],
[659120,991719,6],
[659120,991718,6],
[659120,991718,6],
[659119,991718,6],
[659119,991717,6],
[659119,991717,6],
[659118,991717,6],
[659118,991716,6],
[659118,991716,6],
[659117,991716,6],
[659117,991715,6],
[659116,991715,6],
[659116,991714,6],
[659116,991714,6],
[659115,991714,6],
[659115,991713,6],
[659115,991713,6],
[659114,991713,6],
[659114,991712,6],
[659114,991712,6],
[659113,991712,6],
[659113,991711,6],
[659113,991711,6],
[659112,991711,6],
[659112,991710,6],
[659112,991710,6],
[659111,991709,6],
[659111,991709,6],
[659111,991709,6],
[659110,991708,6],
[659110,991708,6],
[659110,991708,6],
[659109,991707,6],
[659109,991707,6],
[659108,991707,6],
[659108,991706,6],
[659108,991706,6],
[659107,991705,6],
[659107,991705,6],
[659107,991705,6],
[659106,991704,6],
[659106,991704,6],
[659106,991704,6],
[659105,991703,6],
[659105,991703,6],
[659105,991703,6],
[659104,991702,6],
[659104,991702,6],
[659104,991702,6],
[659103,991701,6],
[659103,991701,6],
[659103,991700,6],
[659102,991700,6],
[659102,991700,6],
[659102,991699,6],
[659101,991699,6],
[659101,991699,6],
[659101,991698,6],
[659100,991698,6],
[659100,991698,6],
[659099,991697,6],
[659099,991697,6],
[659099,991697,6],
[659098,991696,6],
[659098,991696,6],
[659098,991695,6],
[659097,991695,6],
[659097,991695,6],
[659097,991694,6],
[659096,991694,6],
[659096,991694,6],
[659096,991693,6],
[659095,991693,6],
[659095,991693,6],
[659095,991692,6],
[659094,991692,6],
[659094,991691,6],
[659094,991691,6],
[659093,991691,6],
[659093,991690,6],
[659093,991690,6],
[659092,991690,6],
[659092,991689,6],
[659091,991689,6],
[659091,991689,6],
[659091,991688,6],
[659090,991688,6],
[659090,991688,6],
[659090,991687,6],
[659089,991687,6],
[659089,991686,6],
[659089,991686,6],
[659088,991686,6],
[659088,991685,6],
[659088,991685,6],
[659087,991685,6],
[659087,991684,6],
[659087,991684,6],
[659086,991684,6],
[659086,991683,6],
[659086,991683,6],
[659085,991682,6],
[659085,991682,6],
[659085,991682,6],
[659084,991681,6],
[659084,991681,6],
[659083,991681,6],
[659083,991680,6],
[659083,991680,6],
[659082,991680,6],
[659082,991679,6],
[659082,991679,6],
[659081,991679,6],
[659081,991678,6],
[659081,991678,6],
[659080,991677,6],
[659080,991677,6],
[659080,991677,6],
[659079,991676,6],
[659079,991676,6],
[659079,991676,6],
[659078,991675,6],
[659078,991675,6],
[659078,991675,6],
[659077,991674,6],
[659077,991674,6],
[659077,991674,6],
[659076,991673,6],
[659076,991673,6],
[659075,991672,6],
[659075,991672,6],
[659075,991672,6],
[659074,991671,6],
[659074,991671,6],
[659074,991671,6],
[659073,991670,6],
[659073,991670,6],
[659073,991670,6],
[659072,991669,6],
[659072,991669,6],
[659072,991668,6],
[659071,991668,6],
[659071,991668,6],
[659071,991667,6],
[659070,991667,6],
[659070,991667,6],
[659070,991666,6],
[659069,991666,6],
[659069,991666,6],
[659069,991665,6],
[659068,991665,6],
[659068,991665,6],
[659067,991664,6],
[659067,991664,6],
[659067,991663,6],
[659066,991663,6],
[659066,991663,6],
[659066,991662,6],
[659065,991662,6],
[659065,991662,6],
[659065,991661,6],
[659064,991661,6],
[659064,991661,6],
[659064,991660,6],
[659063,991660,6],
[659063,991659,6],
[659063,991659,6],
[659062,991659,6],
[659062,991658,6],
[659062,991658,6],
[659061,991658,6],
[659061,991657,6],
[659061,991657,6],
[659060,991657,6],
[659060,991656,6],
[659060,991656,6],
[659059,991656,6],
[659059,991655,6],
[659058,991655,6],
[659058,991654,6],
[659058,991654,6],
[659057,991654,6],
[659057,991653,6],
[659057,991653,6],
[659056,991653,6],
[659056,991652,6],
[659056,991652,6],
[659055,991652,6],
[659055,991651,6],
[659055,991651,6],
[659054,991650,6],
[659054,991650,6],
[659054,991650,6],
[659053,991649,6],
[659053,991649,6],
[659053,991649,6],
[659052,991648,6],
[659052,991648,6],
[659052,991648,6],
[659051,991647,6],
[659051,991647,6],
[659051,991646,6],
[659050,991646,6],
[659050,991646,6],
[659050,991645,6],
[659049,991645,6],
[659049,991645,6],
[659049,991644,6],
[659048,991644,6],
[659048,991644,6],
[659047,991643,6],
[659047,991643,6],
[659047,991642,6],
[659046,991642,6],
[659046,991642,6],
[659046,991641,6],
[659045,991641,6],
[659045,991641,6],
[659045,991640,6],
[659044,991640,6],
[659044,991639,6],
[659044,991639,6],
[659043,991639,6],
[659043,991638,6],
[659043,991638,6],
[659042,991638,6],
[659042,991637,6],
[659042,991637,6],
[659041,991637,6],
[659041,991636,6],
[659041,991636,6],
[659040,991635,5],
[659040,991635,5],
[659040,991635,5],
[659039,991634,5],
[659039,991634,5],
[659039,991634,5],
[659038,991633,5],
[659038,991633,5],
[659038,991632,5],
[659037,991632,5],
[659037,991632,5],
[659037,991631,5],
[659036,991631,5],
[659036,991631,5],
[659036,991630,5],
[659035,991630,5],
[659035,991630,5],
[659035,991629,5],
[659034,991629,5],
[659034,991628,5],
[659034,991628,5],
[659033,991628,5],
[659033,991627,5],
[659033,991627,5],
[659032,991627,5],
[659032,991626,5],
[659032,991626,5],
[659031,991625,5],
[659031,991625,5],
[659031,991625,5],
[659030,991624,5],
[659030,991624,5],
[659030,991624,5],
[659029,991623,5],
[659029,991623,5],
[659029,991622,5],
[659028,991622,5],
[659028,991622,5],
[659028,991621,5],
[659027,991621,5],
[659027,991621,5],
[659027,991620,5],
[659026,991620,5],
[659026,991619,5],
[659026,991619,5],
[659025,991619,5],
[659025,991618,5],
[659025,991618,5],
[659024,991617,5],
[659024,991617,5],
[659024,991617,5],
[659023,991616,5],
[659023,991616,5],
[659023,991616,5],
[659022,991615,5],
[659022,991615,5],
[659022,991614,5],
[659022,991614,5],
[659021,991614,5],
[659021,991613,5],
[659021,991613,5],
[659020,991613,5],
[659020,991612,5],
[659020,991612,5],
[659019,991611,5],
[659019,991611,5],
[659019,991611,5],
[659018,991610,5],
[659018,991610,5],
[659018,991609,5],
[659017,991609,5],
[659017,991609,5],
[659017,991608,5],
[659016,991608,5],
[659016,991608,5],
[659016,991607,5],
[659015,991607,5],
[659015,991606,5],
[659015,991606,5],
[659014,991606,5],
[659014,991605,5],
[659014,991605,5],
[659014,991604,5],
[659013,991604,5],
[659013,991604,5],
[659013,991603,5],
[659012,991603,5],
[659012,991602,5],
[659012,991602,5],
[659011,991602,5],
[659011,991601,5],
[659011,991601,5],
[659010,991601,5],
[659010,991600,5],
[659010,991600,5],
[659009,991599,5],
[659009,991599,5],
[659009,991599,5],
[659009,991598,5],
[659008,991598,5],
[659008,991597,5],
[659008,991597,5],
[659007,991597,5],
[659007,991596,5],
[659007,991596,5],
[659006,991595,5],
[659006,991595,5],
[659006,991595,5],
[659005,991594,5],
[659005,991594,5],
[659005,991593,5],
[659005,991593,5],
[659004,991593,5],
[659004,991592,5],
[659004,991592,5],
[659003,991591,5],
[659003,991591,5],
[659003,991591,5],
[659002,991590,5],
[659002,991590,5],
[659002,991589,5],
[659002,991589,5],
[659001,991589,5],
[659001,991588,5],
[659001,991588,5],
[659000,991587,5],
[659000,991587,5],
[659000,991587,5],
[658999,991586,5],
[658999,991586,5],
[658999,991585,5],
[658999,991585,5],
[658998,991585,5],
[658998,991584,5],
[658998,991584,5],
[658997,991583,5],
[658997,991583,5],
[658997,991583,5],
[658997,991582,5],
[658996,991582,5],
[658996,991581,5],
[658996,991581,5],
[658995,991581,5],
[658995,991580,5],
[658995,991580,5],
[658995,991579,5],
[658994,991579,5],
[658994,991579,5],
[658994,991578,5],
[658993,991578,5],
[658993,991577,5],
[658993,991577,5],
[658993,991576,5],
[658992,991576,5],
[658992,991576,5],
[658992,991575,5],
[658991,991575,5],
[658991,991574,5],
[658991,991574,5],
[658991,991574,5],
[658990,991573,5],
[658990,991573,5],
[658990,991572,5],
[658989,991572,5],
[658989,991572,5],
[658989,991571,5],
[658989,991571,5],
[658988,991570,5],
[658988,991570,5],
[658988,991569,5],
[658987,991569,5],
[658987,991569,5],
[658987,991568,5],
[658987,991568,5],
[658986,991567,5],
[658986,991567,5],
[658986,991567,5],
[658986,991566,5],
[658985,991566,5],
[658985,991565,5],
[658985,991565,5],
[658984,991564,5],
[658984,991564,5],
[658984,991564,5],
[658984,991563,5],
[658983,991563,5],
[658983,991562,5],
[658983,991562,5],
[658983,991561,5],
[658982,991561,5],
[658982,991561,5],
[658982,991560,5],
[658982,991560,5],
[658981,991559,5],
[658981,991559,5],
[658981,991558,5],
[658981,991558,5],
[658980,991558,5],
[658980,991557,5],
[658980,991557,5],
[658979,991556,5],
[658979,991556,5],
[658979,991555,5],
[658979,991555,5],
[658978,991555,5],
[658978,991554,5],
[658978,991554,5],
[658978,991553,5],
[658977,991553,5],
[658977,991552,5],
[658977,991552,5],
[658977,991552,5],
[658976,991551,5],
[658976,991551,5],
[658976,991550,5],
[658976,991550,5],
[658975,991549,5],
[658975,991549,5],
[658975,991549,5],
[658975,991548,5],
[658974,991548,5],
[658974,991547,5],
[658974,991547,5],
[658974,991546,5],
[658973,991546,5],
[658973,991546,5],
[658973,991545,5],
[658973,991545,5],
[658972,991544,5],
[658972,991544,5],
[658972,991543,5],
[658972,991543,5],
[658971,991542,5],
[658971,991542,5],
[658971,991542,5],
[658971,991541,5],
[658970,991541,5],
[658970,991540,5],
[658970,991540,5],
[658970,991539,5],
[658970,991539,5],
[658969,991539,5],
[658969,991538,5],
[658969,991538,5],
[658969,991537,5],
[658968,991537,5],
[658968,991536,5],
[658968,991536,5],
[658968,991535,5],
[658967,991535,5],
[658967,991535,5],
[658967,991534,5],
[658967,991534,5],
[658966,991533,5],
[658966,991533,5],
[658966,991532,5],
[658966,991532,5],
[658966,991531,5],
[658965,991531,5],
[658965,991531,5],
[658965,991530,5],
[658965,991530,5],
[658964,991529,5],
[658964,991529,5],
[658964,991528,5],
[658964,991528,5],
[658964,991527,5],
[658963,991527,5],
[658963,991527,5],
[658963,991526,5],
[658963,991526,5],
[658962,991525,5],
[658962,991525,5],
[658962,991524,5],
[658962,991524,5],
[658962,991523,5],
[658961,991523,5],
[658961,991522,5],
[658961,991522,5],
[658961,991522,5],
[658960,991521,5],
[658960,991521,5],
[658960,991520,5],
[658960,991520,5],
[658960,991519,5],
[658959,991519,5],
[658959,991518,5],
[658959,991518,5],
[658959,991518,5],
[658959,991517,5],
[658958,991517,5],
[658958,991516,5],
[658958,991516,5],
[658958,991515,5],
[658958,991515,5],
[658957,991514,5],
[658957,991514,5],
[658957,991513,5],
[658957,991513,5],
[658956,991513,5],
[658956,991512,5],
[658956,991512,5],
[658956,991511,5],
[658956,991511,5],
[658955,991510,5],
[658955,991510,5],
[658955,991509,5],
[658955,991509,5],
[658955,991508,5],
[658954,991508,5],
[658954,991507,5],
[658954,991507,5],
[658954,991507,5],
[658954,991506,5],
[658953,991506,5],
[658953,991505,5],
[658953,991505,5],
[658953,991504,5],
[658953,991504,5],
[658953,991503,5],
[658952,991503,5],
[658952,991502,5],
[658952,991502,5],
[658952,991502,5],
[658952,991501,5],
[658951,991501,5],
[658951,991500,5],
[658951,991500,5],
[658951,991499,5],
[658951,991499,5],
[658950,991498,5],
[658950,991498,5],
[658950,991497,5],
[658950,991497,5],
[658950,991496,5],
[658950,991496,5],
[658949,991495,5],
[658949,991495,5],
[658949,991495,5],
[658949,991494,5],
[658949,991494,5],
[658948,991493,5],
[658948,991493,5],
[658948,991492,5],
[658948,991492,5],
[658948,991491,5],
[658948,991491,5],
[658947,991490,5],
[658947,991490,5],
[658947,991489,5],
[658947,991489,5],
[658947,991488,4],
[658946,991488,4],
[658946,991488,4],
[658946,991487,4],
[658946,991487,4],
[658946,991486,4],
[658946,991486,4],
[658945,991485,4],
[658945,991485,4],
[658945,991484,4],
[658945,991484,4],
[658945,991483,4],
[658945,991483,4],
[658944,991482,4],
[658944,991482,4],
[658944,991481,4],
[658944,991481,4],
[658944,991480,4],
[658944,991480,4],
[658943,991480,4],
[658943,991479,4],
[658943,991479,4],
[658943,991478,4],
[658943,991478,4],
[658943,991477,4],
[658942,991477,4],
[658942,991476,4],
[658942,991476,4],
[658942,991475,4],
[658942,991475,4],
[658942,991474,4],
[658942,991474,4],
[658941,991473,4],
[658941,991473,4],
[658941,991472,4],
[658941,991472,4],
[658941,991471,4],
[658941,991471,4],
[658940,991471,4],
[658940,991470,4],
[658940,991470,4],
[658940,991469,4],
[658940,991469,4],
[658940,991468,4],
[658940,991468,4],
[658939,991467,4],
[658939,991467,4],
[658939,991466,4],
[658939,991466,4],
[658939,991465,4],
[658939,991465,4],
[658939,991464,4],
[658938,991464,4],
[658938,991463,4],
[658938,991463,4],
[658938,991462,4],
[658938,991462,4],
[658938,991461,4],
[658938,991461,4],
[658937,991460,4],
[658937,991460,4],
[658937,991460,4],
[658937,991459,4],
[658937,991459,4],
[658937,991458,4],
[658937,991458,4],
[658936,991457,4],
[658936,991457,4],
[658936,991456,4],
[658936,991456,4],
[658936,991455,4],
[658936,991455,4],
[658936,991454,4],
[658935,991454,4],
[658935,991453,4],
[658935,991453,4],
[658935,991452,4],
[658935,991452,4],
[658935,991451,4],
[658935,991451,4],
[658935,991450,4],
[658934,991450,4],
[658934,991449,4],
[658934,991449,4],
[658934,991448,4],
[658934,991448,4],
[658934,991447,4],
[658934,991447,4],
[658934,991446,4],
[658933,991446,4],
[658933,991446,4],
[658933,991445,4],
[658933,991445,4],
[658933,991444,4],
[658933,991444,4],
[658933,991443,4],
[658933,991443,4],
[658933,991442,4],
[658932,991442,4],
[658932,991441,4],
[658932,991441,4],
[658932,991440,4],
[658932,991440,4],
[658932,991439,4],
[658932,991439,4],
[658932,991438,4],
[658931,991438,4],
[658931,991437,4],
[658931,991437,4],
[658931,991436,4],
[658931,991436,4],
[658931,991435,4],
[658931,991435,4],
[658931,991434,4],
[658931,991434,4],
[658930,991433,4],
[658930,991433,5],
[658930,991432,5],
[658930,991432,5],
[658930,991431,5],
[658930,991431,5],
[658930,991430,5],
[658930,991430,5],
[658930,991429,5],
[658930,991429,5],
[658929,991428,5],
[658929,991428,5],
[658929,991427,5],
[658929,991427,5],
[658929,991426,5],
[658929,991426,5],
[658929,991426,5],
[658929,991425,5],
[658929,991425,5],
[658929,991424,5],
[658928,991424,5],
[658928,991423,5],
[658928,991423,5],
[658928,991422,5],
[658928,991422,5],
[658928,991421,5],
[658928,991421,5],
[658928,991420,5],
[658928,991420,5],
[658928,991419,5],
[658928,991419,5],
[658927,991418,5],
[658927,991418,5],
[658927,991417,5],
[658927,991417,5],
[658927,991416,5],
[658927,991416,5],
[658927,991415,5],
[658927,991415,5],
[658927,991414,5],
[658927,991414,5],
[658927,991413,5],
[658926,991413,5],
[658926,991412,5],
[658926,991412,5],
[658926,991411,5],
[658926,991411,5],
[658926,991410,5],
[658926,991410,5],
[658926,991409,5],
[658926,991409,5],
[658926,991408,5],
[658926,991408,5],
[658926,991407,5],
[658926,991407,5],
[658925,991406,5],
[658925,991406,5],
[658925,991405,5],
[658925,991405,5],
[658925,991404,5],
[658925,991404,5],
[658925,991403,5],
[658925,991403,5],
[658925,991402,5],
[658925,991402,5],
[658925,991401,5],
[658925,991401,5],
[658925,991400,5],
[658924,991400,5],
[658924,991399,5],
[658924,991399,5],
[658924,991398,5],
[658924,991398,5],
[658924,991397,5],
[658924,991397,5],
[658924,991396,5],
[658924,991396,5],
[658924,991395,5],
[658924,991395,5],
[658924,991394,5],
[658924,991394,5],
[658924,991393,5],
[658923,991393,5],
[658923,991392,5],
[658923,991392,5],
[658923,991391,5],
[658923,991391,5],
[658923,991390,5],
[658923,991390,5],
[658923,991389,5],
[658923,991389,5],
[658923,991388,5],
[658923,991388,5],
[658923,991388,5],
[658923,991387,5],
[658923,991387,5],
[658923,991386,5],
[658922,991386,5],
[658922,991385,5],
[658922,991385,5],
[658922,991384,5],
[658922,991384,5],
[658922,991383,5],
[658922,991383,5],
[658922,991382,5],
[658922,991382,5],
[658922,991381,5],
[658922,991381,5],
[658922,991380,5],
[658922,991380,5],
[658922,991379,5],
[658922,991379,5],
[658922,991378,5],
[658921,991378,5],
[658921,991377,5],
[658921,991377,5],
[658921,991376,5],
[658921,991376,5],
[658921,991375,5],
[658921,991375,5],
[658921,991374,5],
[658921,991374,5],
[658921,991373,5],
[658921,991373,5],
[658921,991372,5],
[658921,991372,5],
[658921,991371,5],
[658921,991371,5],
[658921,991370,5],
[658921,991370,5],
[658921,991369,5],
[658921,991369,5],
[658920,991368,5],
[658920,991368,5],
[658920,991367,5],
[658920,991367,5],
[658920,991366,5],
[658920,991366,5],
[658920,991365,5],
[658920,991365,5],
[658920,991364,5],
[658920,991364,5],
[658920,991363,5],
[658920,991363,5],
[658920,991362,5],
[658920,991362,5],
[658920,991361,5],
[658920,991361,5],
[658920,991360,5],
[658920,991360,5],
[658920,991359,5],
[658919,991359,5],
[658919,991358,5],
[658919,991358,5],
[658919,991357,5],
[658919,991357,5],
[658919,991356,5],
[658919,991356,5],
[658919,991355,5],
[658919,991355,5],
[658919,991354,5],
[658919,991354,5],
[658919,991353,5],
[658919,991353,5],
[658919,991352,5],
[658919,991352,5],
[658919,991351,5],
[658919,991351,5],
[658919,991350,5],
[658919,991350,5],
[658919,991349,5],
[658919,991349,5],
[658919,991348,5],
[658918,991348,5],
[658918,991347,5],
[658918,991347,5],
[658918,991346,5],
[658918,991346,5],
[658918,991345,5],
[658918,991345,5],
[658918,991344,5],
[658918,991344,5],
[658918,991343,5],
[658918,991343,5],
[658918,991342,5],
[658918,991342,5],
[658918,991341,5],
[658918,991341,5],
[658918,991340,5],
[658918,991340,5],
[658918,991339,5],
[658918,991339,5],
[658918,991338,5],
[658918,991338,5],
[658918,991337,5],
[658918,991337,5],
[658918,991336,5],
[658917,991336,5],
[658917,991335,5],
[658917,991335,5],
[658917,991334,5],
[658917,991334,5],
[658917,991333,5],
[658917,991333,5],
[658917,991332,5],
[658917,991332,5],
[658917,991331,5],
[658917,991331,5],
[658917,991330,5],
[658917,991330,5],
[658917,991329,5],
[658917,991329,5],
[658917,991328,5],
[658917,991328,5],
[658917,991327,5],
[658917,991327,5],
[658917,991326,5],
[658917,991326,5],
[658917,991325,5],
[658917,991325,5],
[658917,991324,5],
[658917,991324,5],
[658916,991323,5],
[658916,991323,5],
[658916,991322,5],
[658916,991322,5],
[658916,991321,5],
[658916,991321,5],
[658916,991320,5],
[658916,991320,5],
[658916,991319,5],
[658916,991319,5],
[658916,991318,5],
[658916,991318,5],
[658916,991317,5],
[658916,991317,5],
[658916,991316,5],
[658916,991316,5],
[658916,991315,5],
[658916,991315,5],
[658916,991314,5],
[658916,991314,5],
[658916,991313,5],
[658916,991313,5],
[658916,991312,5],
[658916,991312,5],
[658916,991311,5],
[658915,991311,5],
[658915,991310,5],
[658915,991310,5],
[658915,991309,5],
[658915,991309,5],
[658915,991308,5],
[658915,991308,5],
[658915,991307,5],
[658915,991307,5],
[658915,991306,5],
[658915,991306,5],
[658915,991305,5],
[658915,991305,5],
[658915,991304,5],
[658915,991304,5],
[658915,991303,5],
[658915,991303,5],
[658915,991302,5],
[658915,991302,5],
[658915,991301,5],
[658915,991301,5],
[658915,991300,5],
[658915,991300,5],
[658915,991299,5],
[658915,991299,5],
[658915,991298,5],
[658914,991298,5],
[658914,991297,5],
[658914,991297,5],
[658914,991296,5],
[658914,991296,5],
[658914,991295,5],
[658914,991295,5],
[658914,991294,5],
[658914,991294,5],
[658914,991293,5],
[658914,991293,5],
[658914,991292,5],
[658914,991292,5],
[658914,991291,5],
[658914,991291,5],
[658914,991290,5],
[658914,991290,5],
[658914,991289,5],
[658914,991289,5],
[658914,991288,5],
[658914,991288,5],
[658914,991287,5],
[658914,991287,5],
[658914,991286,5],
[658913,991286,5],
[658913,991285,5],
[658913,991285,5],
[658913,991284,5],
[658913,991284,5],
[658913,991283,5],
[658913,991283,4],
[658913,991282,4],
[658913,991282,4],
[658913,991281,4],
[658913,991281,4],
[658913,991280,4],
[658913,991280,4],
[658913,991279,4],
[658913,991279,4],
[658913,991278,4],
[658913,991278,4],
[658913,991277,4],
[658913,991277,4],
[658913,991276,4],
[658913,991276,4],
[658913,991275,4],
[658913,991275,4],
[658913,991274,4],
[658912,991274,4],
[658912,991273,4],
[658912,991273,4],
[658912,991272,4],
[658912,991272,4],
[658912,991271,4],
[658912,991271,4],
[658912,991270,4],
[658912,991270,4],
[658912,991269,4],
[658912,991269,4],
[658912,991268,4],
[658912,991268,4],
[658912,991268,4],
[658912,991267,4],
[658912,991267,4],
[658912,991266,4],
[658912,991266,4],
[658912,991265,4],
[658912,991265,4],
[658912,991264,4],
[658912,991264,4],
[658911,991263,4],
[658911,991263,4],
[658911,991262,4],
[658911,991262,4],
[658911,991261,4],
[658911,991261,4],
[658911,991260,4],
[658911,991260,4],
[658911,991259,4],
[658911,991259,4],
[658911,991258,4],
[658911,991258,4],
[658911,991257,4],
[658911,991257,4],
[658911,991256,4],
[658911,991256,4],
[658911,991255,4],
[658911,991255,4],
[658911,991254,4],
[658911,991254,4],
[658910,991253,4],
[658910,991253,4],
[658910,991252,4],
[658910,991252,4],
[658910,991251,4],
[658910,991251,4],
[658910,991250,4],
[658910,991250,4],
[658910,991249,4],
[658910,991249,4],
[658910,991248,4],
[658910,991248,4],
[658910,991247,4],
[658910,991247,4],
[658910,991246,4],
[658910,991246,4],
[658910,991245,4],
[658910,991245,4],
[658910,991244,4],
[658909,991244,4],
[658909,991243,4],
[658909,991243,4],
[658909,991242,4],
[658909,991242,4],
[658909,991241,4],
[658909,991241,4],
[658909,991240,4],
[658909,991240,4],
[658909,991239,4],
[658909,991239,4],
[658909,991238,4],
[658909,991238,4],
[658909,991237,4],
[658909,991237,4],
[658909,991236,4],
[658909,991236,4],
[658909,991235,4],
[658908,991235,4],
[658908,991234,4],
[658908,991234,4],
[658908,991233,4],
[658908,991233,4],
[658908,991232,4],
[658908,991232,4],
[658908,991231,4],
[658908,991231,4],
[658908,991230,4],
[658908,991230,4],
[658908,991229,4],
[658908,991229,4],
[658908,991228,4],
[658908,991228,4],
[658908,991227,4],
[658908,991227,4],
[658907,991226,4],
[658907,991226,4],
[658907,991225,4],
[658907,991225,4],
[658907,991224,4],
[658907,991224,4],
[658907,991223,4],
[658907,991223,4],
[658907,991222,4],
[658907,991222,4],
[658907,991221,4],
[658907,991221,4],
[658907,991220,4],
[658907,991220,4],
[658907,991219,4],
[658906,991219,4],
[658906,991218,4],
[658906,991218,4],
[658906,991217,4],
[658906,991217,4],
[658906,991216,4],
[658906,991216,4],
[658906,991215,4],
[658906,991215,4],
[658906,991214,4],
[658906,991214,4],
[658906,991213,4],
[658906,991213,5],
[658906,991212,5],
[658905,991212,5],
[658905,991211,5],
[658905,991211,5],
[658905,991210,5],
[658905,991210,5],
[658905,991209,5],
[658905,991209,5],
[658905,991208,5],
[658905,991208,5],
[658905,991207,5],
[658905,991207,5],
[658905,991206,5],
[658905,991206,5],
[658905,991205,5],
[658904,991205,5],
[658904,991204,5],
[658904,991204,5],
[658904,991203,5],
[658904,991203,5],
[658904,991202,5],
[658904,991202,5],
[658904,991201,5],
[658904,991201,5],
[658904,991201,5],
[658904,991200,5],
[658904,991200,5],
[658904,991199,5],
[658903,991199,5],
[658903,991198,5],
[658903,991198,5],
[658903,991197,5],
[658903,991197,5],
[658903,991196,5],
[658903,991196,5],
[658903,991195,5],
[658903,991195,5],
[658903,991194,5],
[658903,991194,5],
[658903,991193,5],
[658902,991193,5],
[658902,991192,5],
[658902,991192,5],
[658902,991191,5],
[658902,991191,5],
[658902,991190,5],
[658902,991190,5],
[658902,991189,5],
[658902,991189,5],
[658902,991188,5],
[658902,991188,5],
[658901,991187,5],
[658901,991187,5],
[658901,991186,5],
[658901,991186,5],
[658901,991185,5],
[658901,991185,4],
[658901,991184,4],
[658901,991184,4],
[658901,991183,4],
[658901,991183,4],
[658901,991182,4],
[658900,991182,4],
[658900,991181,4],
[658900,991181,4],
[658900,991180,4],
[658900,991180,4],
[658900,991179,4],
[658900,991179,4],
[658900,991178,4],
[658900,991178,4],
[658900,991177,4],
[658900,991177,4],
[658899,991176,4],
[658899,991176,4],
[658899,991175,4],
[658899,991175,4],
[658899,991174,4],
[658899,991174,4],
[658899,991173,4],
[658899,991173,4],
[658899,991172,4],
[658899,991172,4],
[658898,991171,4],
[658898,991171,4],
[658898,991171,4],
[658898,991170,4],
[658898,991170,4],
[658898,991169,4],
[658898,991169,4],
[658898,991168,4],
[658898,991168,4],
[658898,991167,4],
[658897,991167,4],
[658897,991166,4],
[658897,991166,4],
[658897,991165,4],
[658897,991165,4],
[658897,991164,4],
[658897,991164,4],
[658897,991163,4],
[658897,991163,4],
[658896,991162,4],
[658896,991162,4],
[658896,991161,4],
[658896,991161,4],
[658896,991160,4],
[658896,991160,4],
[658896,991159,4],
[658896,991159,4],
[658896,991158,4],
[658895,991158,4],
[658895,991157,4],
[658895,991157,4],
[658895,991156,4],
[658895,991156,4],
[658895,991155,4],
[658895,991155,4],
[658895,991154,4],
[658895,991154,5],
[658894,991153,5],
[658894,991153,5],
[658894,991152,5],
[658894,991152,5],
[658894,991151,5],
[658894,991151,5],
[658894,991151,5],
[658894,991150,5],
[658893,991150,5],
[658893,991149,5],
[658893,991149,5],
[658893,991148,5],
[658893,991148,5],
[658893,991147,5],
[658893,991147,5],
[658893,991146,5],
[658892,991146,5],
[658892,991145,5],
[658892,991145,5],
[658892,991144,5],
[658892,991144,5],
[658892,991143,5],
[658892,991143,5],
[658892,991142,5],
[658892,991142,5],
[658891,991141,5],
[658891,991141,5],
[658891,991140,5],
[658891,991140,5],
[658891,991139,5],
[658891,991139,5],
[658891,991138,5],
[658890,991138,5],
[658890,991137,5],
[658890,991137,5],
[658890,991136,5],
[658890,991136,5],
[658890,991136,5],
[658890,991135,5],
[658890,991135,5],
[658889,991134,5],
[658889,991134,5],
[658889,991133,5],
[658889,991133,5],
[658889,991132,5],
[658889,991132,5],
[658889,991131,5],
[658889,991131,5],
[658888,991130,5],
[658888,991130,5],
[658888,991129,5],
[658888,991129,5],
[658888,991128,5],
[658888,991128,5],
[658888,991127,5],
[658887,991127,5],
[658887,991126,5],
[658887,991126,5],
[658887,991125,5],
[658887,991125,5],
[658887,991124,5],
[658887,991124,5],
[658886,991123,5],
[658886,991123,5],
[658886,991123,5],
[658886,991122,5],
[658886,991122,5],
[658886,991121,5],
[658886,991121,5],
[658885,991120,5],
[658885,991120,5],
[658885,991119,5],
[658885,991119,5],
[658885,991118,5],
[658885,991118,5],
[658885,991117,5],
[658884,991117,5],
[658884,991116,5],
[658884,991116,5],
[658884,991115,5],
[658884,991115,5],
[658884,991114,5],
[658884,991114,5],
[658883,991113,5],
[658883,991113,5],
[658883,991112,5],
[658883,991112,5],
[658883,991112,5],
[658883,991111,5],
[658883,991111,5],
[658882,991110,5],
[658882,991110,5],
[658882,991109,5],
[658882,991109,5],
[658882,991108,5],
[658882,991108,5],
[658881,991107,5],
[658881,991107,5],
[658881,991106,5],
[658881,991106,5],
[658881,991105,5],
[658881,991105,5],
[658881,991104,5],
[658880,991104,5],
[658880,991103,5],
[658880,991103,5],
[658880,991102,5],
[658880,991102,5],
[658880,991102,5],
[658879,991101,5],
[658879,991101,5],
[658879,991100,5],
[658879,991100,5],
[658879,991099,5],
[658879,991099,5],
[658878,991098,5],
[658878,991098,5],
[658878,991097,5],
[658878,991097,5],
[658878,991096,5],
[658878,991096,5],
[658878,991095,5],
[658877,991095,5],
[658877,991094,5],
[658877,991094,5],
[658877,991093,5],
[658877,991093,5],
[658877,991093,5],
[658876,991092,5],
[658876,991092,5],
[658876,991091,5],
[658876,991091,5],
[658876,991090,5],
[658876,991090,5],
[658875,991089,5],
[658875,991089,5],
[658875,991088,5],
[658875,991088,5],
[658875,991087,5],
[658875,991087,5],
[658874,991086,5],
[658874,991086,5],
[658874,991085,5],
[658874,991085,5],
[658874,991085,5],
[658873,991084,5],
[658873,991084,5],
[658873,991083,5],
[658873,991083,5],
[658873,991082,5],
[658873,991082,5],
[658872,991081,5],
[658872,991081,5],
[658872,991080,5],
[658872,991080,5],
[658872,991079,5],
[658872,991079,5],
[658871,991078,5],
[658871,991078,5],
[658871,991078,5],
[658871,991077,5],
[658871,991077,5],
[658871,991076,5],
[658870,991076,5],
[658870,991075,5],
[658870,991075,5],
[658870,991074,5],
[658870,991074,5],
[658869,991073,5],
[658869,991073,5],
[658869,991072,5],
[658869,991072,5],
[658869,991071,5],
[658869,991071,5],
[658868,991071,5],
[658868,991070,5],
[658868,991070,5],
[658868,991069,5],
[658868,991069,5],
[658867,991068,5],
[658867,991068,5],
[658867,991067,5],
[658867,991067,5],
[658867,991066,5],
[658867,991066,5],
[658866,991065,5],
[658866,991065,5],
[658866,991064,5],
[658866,991064,5],
[658866,991064,5],
[658865,991063,5],
[658865,991063,5],
[658865,991062,5],
[658865,991062,5],
[658865,991061,5],
[658864,991061,5],
[658864,991060,5],
[658864,991060,5],
[658864,991059,5],
[658864,991059,5],
[658863,991058,5],
[658863,991058,5],
[658863,991058,5],
[658863,991057,5],
[658863,991057,5],
[658863,991056,5],
[658862,991056,5],
[658862,991055,5],
[658862,991055,5],
[658862,991054,5],
[658862,991054,5],
[658861,991053,5],
[658861,991053,5],
[658861,991052,5],
[658861,991052,5],
[658861,991052,5],
[658860,991051,5],
[658860,991051,5],
[658860,991050,5],
[658860,991050,5],
[658860,991049,5],
[658859,991049,5],
[658859,991048,5],
[658859,991048,5],
[658859,991047,5],
[658859,991047,5],
[658858,991047,5],
[658858,991046,5],
[658858,991046,5],
[658858,991045,5],
[658858,991045,5],
[658857,991044,5],
[658857,991044,5],
[658857,991043,5],
[658857,991043,6],
[658857,991042,6],
[658856,991042,6],
[658856,991041,6],
[658856,991041,6],
[658856,991041,6],
[658855,991040,6],
[658855,991040,6],
[658855,991039,6],
[658855,991039,6],
[658855,991038,6],
[658854,991038,6],
[658854,991037,6],
[658854,991037,6],
[658854,991036,6],
[658854,991036,6],
[658853,991036,6],
[658853,991035,6],
[658853,991035,6],
[658853,991034,6],
[658853,991034,6],
[658852,991033,6],
[658852,991033,6],
[658852,991032,6],
[658852,991032,6],
[658851,991032,6],
[658851,991031,6],
[658851,991031,6],
[658851,991030,6],
[658851,991030,6],
[658850,991029,6],
[658850,991029,6],
[658850,991028,6],
[658850,991028,6],
[658850,991027,6],
[658849,991027,6],
[658849,991027,6],
[658849,991026,6],
[658849,991026,6],
[658848,991025,6],
[658848,991025,6],
[658848,991024,6],
[658848,991024,6],
[658848,991023,6],
[658847,991023,6],
[658847,991023,6],
[658847,991022,6],
[658847,991022,6],
[658846,991021,6],
[658846,991021,6],
[658846,991020,6],
[658846,991020,6],
[658846,991019,6],
[658845,991019,6],
[658845,991018,6],
[658845,991018,6],
[658845,991018,6],
[658844,991017,6],
[658844,991017,6],
[658844,991016,6],
[658844,991016,6],
[658844,991015,6],
[658843,991015,6],
[658843,991014,6],
[658843,991014,6],
[658843,991014,6],
[658842,991013,6],
[658842,991013,6],
[658842,991012,6],
[658842,991012,6],
[658841,991011,6],
[658841,991011,6],
[658841,991010,6],
[658841,991010,6],
[658841,991010,6],
[658840,991009,6],
[658840,991009,6],
[658840,991008,6],
[658840,991008,6],
[658839,991007,6],
[658839,991007,6],
[658839,991006,6],
[658839,991006,6],
[658838,991006,6],
[658838,991005,6],
[658838,991005,6],
[658838,991004,6],
[658838,991004,6],
[658837,991003,6],
[658837,991003,6],
[658837,991003,6],
[658837,991002,6],
[658836,991002,6],
[658836,991001,6],
[658836,991001,6],
[658836,991000,6],
[658835,991000,6],
[658835,990999,6],
[658835,990999,6],
[658835,990999,6],
[658834,990998,6],
[658834,990998,6],
[658834,990997,6],
[658834,990997,6],
[658833,990996,6],
[658833,990996,5],
[658833,990995,5],
[658833,990995,5],
[658832,990995,5],
[658832,990994,5],
[658832,990994,5],
[658832,990993,5],
[658832,990993,5],
[658831,990992,5],
[658831,990992,5],
[658831,990992,5],
[658831,990991,5],
[658830,990991,5],
[658830,990990,5],
[658830,990990,5],
[658830,990989,5],
[658829,990989,5],
[658829,990989,5],
[658829,990988,5],
[658829,990988,5],
[658828,990987,5],
[658828,990987,5],
[658828,990986,5],
[658828,990986,5],
[658827,990985,5],
[658827,990985,5],
[658827,990985,5],
[658827,990984,5],
[658826,990984,5],
[658826,990983,5],
[658826,990983,5],
[658826,990982,5],
[658825,990982,5],
[658825,990982,5],
[658825,990981,5],
[658825,990981,5],
[658824,990980,5],
[658824,990980,5],
[658824,990979,5],
[658823,990979,5],
[658823,990979,5],
[658823,990978,5],
[658823,990978,5],
[658822,990977,5],
[658822,990977,5],
[658822,990976,5],
[658822,990976,5],
[658821,990976,5],
[658821,990975,5],
[658821,990975,5],
[658821,990974,5],
[658820,990974,5],
[658820,990973,5],
[658820,990973,5],
[658820,990973,5],
[658819,990972,5],
[658819,990972,5],
[658819,990971,5],
[658819,990971,5],
[658818,990970,5],
[658818,990970,5],
[658818,990970,5],
[658818,990969,5],
[658817,990969,5],
[658817,990968,5],
[658817,990968,5],
[658816,990968,5],
[658816,990967,5],
[658816,990967,5],
[658816,990966,5],
[658815,990966,5],
[658815,990965,5],
[658815,990965,5],
[658815,990965,5],
[658814,990964,5],
[658814,990964,5],
[658814,990963,5],
[658814,990963,5],
[658813,990962,5],
[658813,990962,5],
[658813,990962,5],
[658812,990961,5],
[658812,990961,5],
[658812,990960,5],
[658812,990960,5],
[658811,990959,5],
[658811,990959,5],
[658811,990959,5],
[658811,990958,5],
[658810,990958,5],
[658810,990957,5],
[658810,990957,5],
[658809,990957,5],
[658809,990956,5],
[658809,990956,5],
[658809,990955,5],
[658808,990955,5],
[658808,990954,5],
[658808,990954,5],
[658808,990954,5],
[658807,990953,5],
[658807,990953,5],
[658807,990952,5],
[658806,990952,5],
[658806,990952,5],
[658806,990951,5],
[658806,990951,5],
[658805,990950,5],
[658805,990950,5],
[658805,990949,5],
[658804,990949,5],
[658804,990949,5],
[658804,990948,5],
[658804,990948,5],
[658803,990947,5],
[658803,990947,5],
[658803,990947,5],
[658802,990946,5],
[658802,990946,5],
[658802,990945,5],
[658802,990945,5],
[658801,990945,5],
[658801,990944,5],
[658801,990944,5],
[658801,990943,5],
[658800,990943,5],
[658800,990942,5],
[658800,990942,5],
[658799,990942,5],
[658799,990941,5],
[658799,990941,5],
[658799,990940,5],
[658798,990940,5],
[658798,990940,5],
[658798,990939,5],
[658797,990939,5],
[658797,990938,5],
[658797,990938,5],
[658796,990938,5],
[658796,990937,5],
[658796,990937,5],
[658796,990936,5],
[658795,990936,5],
[658795,990936,5],
[658795,990935,5],
[658794,990935,5],
[658794,990934,5],
[658794,990934,5],
[658794,990933,5],
[658793,990933,5],
[658793,990933,5],
[658793,990932,5],
[658792,990932,5],
[658792,990931,5],
[658792,990931,5],
[658792,990931,5],
[658791,990930,5],
[658791,990930,5],
[658791,990929,5],
[658790,990929,5],
[658790,990929,5],
[658790,990928,5],
[658789,990928,5],
[658789,990927,5],
[658789,990927,5],
[658789,990927,5],
[658788,990926,5],
[658788,990926,5],
[658788,990925,5],
[658787,990925,5],
[658787,990925,5],
[658787,990924,5],
[658786,990924,5],
[658786,990923,5],
[658786,990923,5],
[658786,990923,5],
[658785,990922,5],
[658785,990922,5],
[658785,990921,5],
[658784,990921,5],
[658784,990921,5],
[658784,990920,5],
[658783,990920,5],
[658783,990919,5],
[658783,990919,5],
[658783,990919,5],
[658782,990918,5],
[658782,990918,5],
[658782,990917,5],
[658781,990917,5],
[658781,990917,5],
[658781,990916,5],
[658780,990916,5],
[658780,990915,5],
[658780,990915,5],
[658779,990915,5],
[658779,990914,5],
[658779,990914,5],
[658779,990914,5],
[658778,990913,5],
[658778,990913,5],
[658778,990912,5],
[658777,990912,5],
[658777,990912,5],
[658777,990911,5],
[658776,990911,5],
[658776,990910,5],
[658776,990910,5],
[658775,990910,5],
[658775,990909,5],
[658775,990909,5],
[658775,990908,5],
[658774,990908,5],
[658774,990908,5],
[658774,990907,5],
[658773,990907,5],
[658773,990906,5],
[658773,990906,5],
[658772,990906,5],
[658772,990905,5],
[658772,990905,5],
[658771,990905,5],
[658771,990904,5],
[658771,990904,5],
[658770,990903,5],
[658770,990903,5],
[658770,990903,5],
[658769,990902,5],
[658769,990902,5],
[658769,990901,5],
[658769,990901,5],
[658768,990901,5],
[658768,990900,5],
[658768,990900,5],
[658767,990900,5],
[658767,990899,5],
[658767,990899,5],
[658766,990898,5],
[658766,990898,5],
[658766,990898,5],
[658765,990897,5],
[658765,990897,5],
[658765,990896,5],
[658764,990896,5],
[658764,990896,5],
[658764,990895,5],
[658763,990895,5],
[658763,990895,5],
[658763,990894,5],
[658762,990894,5],
[658762,990893,5],
[658762,990893,5],
[658761,990893,5],
[658761,990892,5],
[658761,990892,5],
[658760,990891,5],
[658760,990891,5],
[658760,990891,5],
[658759,990890,5],
[658759,990890,5],
[658759,990890,5],
[658758,990889,5],
[658758,990889,5],
[658758,990888,5],
[658758,990888,5],
[658757,990888,5],
[658757,990887,5],
[658757,990887,5],
[658756,990887,5],
[658756,990886,5],
[658756,990886,5],
[658755,990885,5],
[658755,990885,5],
[658755,990885,5],
[658754,990884,5],
[658754,990884,5],
[658754,990884,5],
[658753,990883,5],
[658753,990883,5],
[658753,990882,5],
[658752,990882,5],
[658752,990882,5],
[658752,990881,5],
[658751,990881,5],
[658751,990881,5],
[658751,990880,5],
[658750,990880,5],
[658750,990880,5],
[658750,990879,5],
[658749,990879,5],
[658749,990878,5],
[658749,990878,5],
[658748,990878,5],
[658748,990877,5],
[658748,990877,5],
[658747,990877,5],
[658747,990876,5],
[658746,990876,5],
[658746,990875,5],
[658746,990875,5],
[658745,990875,5],
[658745,990874,5],
[658745,990874,5],
[658744,990874,5],
[658744,990873,5],
[658744,990873,5],
[658743,990873,5],
[658743,990872,5],
[658743,990872,5],
[658742,990871,5],
[658742,990871,5],
[658742,990871,5],
[658741,990870,5],
[658741,990870,5],
[658741,990870,5],
[658740,990869,5],
[658740,990869,5],
[658740,990869,5],
[658739,990868,5],
[658739,990868,5],
[658739,990867,5],
[658738,990867,5],
[658738,990867,5],
[658738,990866,5],
[658737,990866,5],
[658737,990866,5],
[658737,990865,5],
[658736,990865,5],
[658736,990865,5],
[658736,990864,5],
[658735,990864,5],
[658735,990863,5],
[658734,990863,5],
[658734,990863,5],
[658734,990862,5],
[658733,990862,5],
[658733,990862,5],
[658733,990861,5],
[658732,990861,5],
[658732,990861,5],
[658732,990860,5],
[658731,990860,5],
[658731,990860,5],
[658731,990859,5],
[658730,990859,5],
[658730,990858,5],
[658730,990858,5],
[658729,990858,5],
[658729,990857,5],
[658728,990857,5],
[658728,990857,5],
[658728,990856,5],
[658727,990856,5],
[658727,990856,5],
[658727,990855,5],
[658726,990855,5],
[658726,990855,5],
[658726,990854,5],
[658725,990854,5],
[658725,990854,5],
[658725,990853,5],
[658724,990853,5],
[658724,990852,5],
[658724,990852,5],
[658723,990852,5],
[658723,990851,5],
[658722,990851,5],
[658722,990851,5],
[658722,990850,5],
[658721,990850,5],
[658721,990850,5],
[658721,990849,5],
[658720,990849,5],
[658720,990849,5],
[658720,990848,5],
[658719,990848,5],
[658719,990848,5],
[658718,990847,5],
[658718,990847,5],
[658718,990847,5],
[658717,990846,5],
[658717,990846,5],
[658717,990846,5],
[658716,990845,5],
[658716,990845,5],
[658716,990845,5],
[658715,990844,5],
[658715,990844,5],
[658714,990844,5],
[658714,990843,5],
[658714,990843,5],
[658713,990842,5],
[658713,990842,5],
[658713,990842,5],
[658712,990841,5],
[658712,990841,5],
[658712,990841,5],
[658711,990840,5],
[658711,990840,5],
[658710,990840,5],
[658710,990839,5],
[658710,990839,5],
[658709,990839,5],
[658709,990838,5],
[658709,990838,5],
[658708,990838,5],
[658708,990837,5],
[658707,990837,5],
[658707,990837,5],
[658707,990836,5],
[658706,990836,5],
[658706,990836,5],
[658706,990835,5],
[658705,990835,5],
[658705,990835,5],
[658705,990834,5],
[658704,990834,5],
[658704,990834,5],
[658703,990833,5],
[658703,990833,5],
[658703,990833,5],
[658702,990832,5],
[658702,990832,5],
[658702,990832,5],
[658701,990831,5],
[658701,990831,5],
[658700,990831,5],
[658700,990830,5],
[658700,990830,5],
[658699,990830,5],
[658699,990829,5],
[658699,990829,5],
[658698,990829,5],
[658698,990828,5],
[658697,990828,5],
[658697,990828,5],
[658697,990827,5],
[658696,990827,5],
[658696,990827,5],
[658696,990826,5],
[658695,990826,5],
[658695,990826,5],
[658694,990825,5],
[658694,990825,5],
[658694,990825,5],
[658693,990824,5],
[658693,990824,5],
[658692,990824,5],
[658692,990824,5],
[658692,990823,5],
[658691,990823,5],
[658691,990823,5],
[658691,990822,5],
[658690,990822,5],
[658690,990822,5],
[658689,990821,5],
[658689,990821,5],
[658689,990821,5],
[658688,990820,5],
[658688,990820,5],
[658688,990820,5],
[658687,990819,5],
[658687,990819,5],
[658686,990819,5],
[658686,990818,5],
[658686,990818,5],
[658685,990818,5],
[658685,990817,5],
[658684,990817,5],
[658684,990817,5],
[658684,990816,5],
[658683,990816,5],
[658683,990816,5],
[658683,990815,5],
[658682,990815,5],
[658682,990815,5],
[658681,990815,5],
[658681,990814,5],
[658681,990814,5],
[658680,990814,5],
[658680,990813,5],
[658679,990813,5],
[658679,990813,5],
[658679,990812,5],
[658678,990812,5],
[658678,990812,5],
[658677,990811,5],
[658677,990811,5],
[658677,990811,5],
[658676,990810,5],
[658676,990810,5],
[658676,990810,5],
[658675,990809,5],
[658675,990809,5],
[658674,990809,5],
[658674,990809,5],
[658674,990808,5],
[658673,990808,6],
[658673,990808,5],
[658672,990807,5],
[658672,990807,5],
[658672,990807,5],
[658671,990806,5],
[658671,990806,5],
[658670,990806,5],
[658670,990805,5],
[658670,990805,5],
[658669,990805,5],
[658669,990805,5],
[658669,990804,5],
[658668,990804,5],
[658668,990804,5],
[658667,990803,5],
[658667,990803,5],
[658667,990803,5],
[658666,990802,5],
[658666,990802,5],
[658665,990802,5],
[658665,990801,5],
[658665,990801,5],
[658664,990801,5],
[658664,990800,5],
[658663,990800,5],
[658663,990800,5],
[658663,990800,5],
[658662,990799,5],
[658662,990799,5],
[658661,990799,5],
[658661,990798,5],
[658661,990798,5],
[658660,990798,5],
[658660,990797,5],
[658659,990797,5],
[658659,990797,5],
[658659,990797,5],
[658658,990796,5],
[658658,990796,5],
[658657,990796,5],
[658657,990795,5],
[658657,990795,5],
[658656,990795,5],
[658656,990794,5],
[658655,990794,5],
[658655,990794,5],
[658655,990793,5],
[658654,990793,5],
[658654,990793,5],
[658653,990793,5],
[658653,990792,5],
[658653,990792,5],
[658652,990792,5],
[658652,990791,5],
[658651,990791,5],
[658651,990791,5],
[658651,990790,5],
[658650,990790,5],
[658650,990790,5],
[658649,990790,5],
[658649,990789,5],
[658649,990789,5],
[658648,990789,5],
[658648,990788,5],
[658647,990788,5],
[658647,990788,5],
[658647,990787,5],
[658646,990787,5],
[658646,990787,5],
[658645,990787,5],
[658645,990786,5],
[658645,990786,5],
[658644,990786,5],
[658644,990785,5],
[658643,990785,5],
[658643,990785,5],
[658643,990784,5],
[658642,990784,5],
[658642,990784,5],
[658641,990784,5],
[658641,990783,5],
[658641,990783,5],
[658640,990783,5],
[658640,990782,5],
[658639,990782,5],
[658639,990782,5],
[658639,990782,5],
[658638,990781,5],
[658638,990781,5],
[658637,990781,5],
[658637,990780,5],
[658637,990780,5],
[658636,990780,5],
[658636,990779,5],
[658635,990779,5],
[658635,990779,5],
[658635,990779,5],
[658634,990778,5],
[658634,990778,5],
[658633,990778,5],
[658633,990777,5],
[658633,990777,5],
[658632,990777,5],
[658632,990776,5],
[658631,990776,5],
[658631,990776,5],
[658631,990776,5],
[658630,990775,5],
[658630,990775,5],
[658629,990775,5],
[658629,990774,5],
[658629,990774,5],
[658628,990774,5],
[658628,990774,5],
[658627,990773,5],
[658627,990773,5],
[658627,990773,5],
[658626,990772,5],
[658626,990772,5],
[658625,990772,5],
[658625,990771,4],
[658625,990771,4],
[658624,990771,4],
[658624,990771,4],
[658623,990770,4],
[658623,990770,4],
[658622,990770,4],
[658622,990769,4],
[658622,990769,4],
[658621,990769,4],
[658621,990769,4],
[658620,990768,4],
[658620,990768,4],
[658620,990768,4],
[658619,990767,4],
[658619,990767,4],
[658618,990767,4],
[658618,990767,4],
[658618,990766,4],
[658617,990766,4],
[658617,990766,4],
[658616,990765,4],
[658616,990765,4],
[658616,990765,4],
[658615,990764,4],
[658615,990764,4],
[658614,990764,4],
[658614,990764,4],
[658614,990763,4],
[658613,990763,4],
[658613,990763,4],
[658612,990762,4],
[658612,990762,4],
[658612,990762,4],
[658611,990762,4],
[658611,990761,4],
[658610,990761,4],
[658610,990761,4],
[658609,990760,4],
[658609,990760,4],
[658609,990760,4],
[658608,990760,4],
[658608,990759,4],
[658607,990759,4],
[658607,990759,4],
[658607,990758,4],
[658606,990758,4],
[658606,990758,4],
[658605,990757,4],
[658605,990757,4],
[658605,990757,4],
[658604,990757,4],
[658604,990756,4],
[658603,990756,4],
[658603,990756,4],
[658603,990755,4],
[658602,990755,4],
[658602,990755,4],
[658601,990755,4],
[658601,990754,4],
[658601,990754,4],
[658600,990754,4],
[658600,990753,4],
[658599,990753,4],
[658599,990753,4],
[658598,990753,4],
[658598,990752,4],
[658598,990752,4],
[658597,990752,4],
[658597,990751,4],
[658596,990751,4],
[658596,990751,4],
[658596,990751,4],
[658595,990750,4],
[658595,990750,4],
[658594,990750,4],
[658594,990749,4],
[658594,990749,4],
[658593,990749,4],
[658593,990748,4],
[658592,990748,4],
[658592,990748,4],
[658592,990748,4],
[658591,990747,4],
[658591,990747,4],
[658590,990747,4],
[658590,990746,4],
[658590,990746,4],
[658589,990746,4],
[658589,990746,4],
[658588,990745,4],
[658588,990745,4],
[658588,990745,4],
[658587,990744,4],
[658587,990744,4],
[658586,990744,4],
[658586,990744,4],
[658585,990743,4],
[658585,990743,4],
[658585,990743,4],
[658584,990742,4],
[658584,990742,4],
[658583,990742,4],
[658583,990742,4],
[658583,990741,4],
[658582,990741,4],
[658582,990741,4],
[658581,990740,4],
[658581,990740,4],
[658581,990740,4],
[658580,990740,4],
[658580,990739,4],
[658579,990739,4],
[658579,990739,4],
[658579,990738,4],
[658578,990738,4],
[658578,990738,4],
[658577,990737,4],
[658577,990737,4],
[658577,990737,4],
[658576,990737,4],
[658576,990736,4],
[658575,990736,4],
[658575,990736,4],
[658574,990735,4],
[658574,990735,4],
[658574,990735,4],
[658573,990735,4],
[658573,990734,4],
[658572,990734,4],
[658572,990734,4],
[658572,990733,4],
[658571,990733,4],
[658571,990733,4],
[658570,990733,4],
[658570,990732,4],
[658570,990732,4],
[658569,990732,4],
[658569,990731,4],
[658568,990731,4],
[658568,990731,4],
[658568,990731,4],
[658567,990730,4],
[658567,990730,4],
[658566,990730,4],
[658566,990729,4],
[658566,990729,4],
[658565,990729,4],
[658565,990728,4],
[658564,990728,4],
[658564,990728,4],
[658563,990728,4],
[658563,990727,4],
[658563,990727,4],
[658562,990727,4],
[658562,990726,4],
[658561,990726,4],
[658561,990726,4],
[658561,990726,4],
[658560,990725,4],
[658560,990725,4],
[658559,990725,4],
[658559,990724,4],
[658559,990724,4],
[658558,990724,4],
[658558,990724,4],
[658557,990723,4],
[658557,990723,4],
[658557,990723,4],
[658556,990722,4],
[658556,990722,4],
[658555,990722,4],
[658555,990722,4],
[658555,990721,4],
[658554,990721,4],
[658554,990721,4],
[658553,990720,4],
[658553,990720,4],
[658552,990720,4],
[658552,990719,4],
[658552,990719,4],
[658551,990719,4],
[658551,990719,4],
[658550,990718,4],
[658550,990718,4],
[658550,990718,4],
[658549,990717,4],
[658549,990717,4],
[658548,990717,4],
[658548,990717,4],
[658548,990716,4],
[658547,990716,4],
[658547,990716,4],
[658546,990715,4],
[658546,990715,4],
[658546,990715,4],
[658545,990715,4],
[658545,990714,4],
[658544,990714,4],
[658544,990714,4],
[658544,990713,4],
[658543,990713,4],
[658543,990713,4],
[658542,990713,4],
[658542,990712,4],
[658541,990712,4],
[658541,990712,4],
[658541,990711,4],
[658540,990711,4],
[658540,990711,4],
[658539,990711,4],
[658539,990710,4],
[658539,990710,4],
[658538,990710,4],
[658538,990709,4],
[658537,990709,4],
[658537,990709,4],
[658537,990708,4],
[658536,990708,4],
[658536,990708,4],
[658535,990708,4],
[658535,990707,4],
[658535,990707,4],
[658534,990707,4],
[658534,990706,4],
[658533,990706,4],
[658533,990706,4],
[658533,990706,4],
[658532,990705,4],
[658532,990705,4],
[658531,990705,4],
[658531,990704,4],
[658530,990704,4],
[658530,990704,4],
[658530,990704,4],
[658529,990703,4],
[658529,990703,4],
[658528,990703,4],
[658528,990702,4],
[658528,990702,4],
[658527,990702,4],
[658527,990702,4],
[658526,990701,4],
[658526,990701,4],
[658526,990701,4],
[658525,990700,4],
[658525,990700,4],
[658524,990700,4],
[658524,990699,4],
[658524,990699,4],
[658523,990699,4],
[658523,990699,4],
[658522,990698,4],
[658522,990698,4],
[658522,990698,4],
[658521,990697,4],
[658521,990697,4],
[658520,990697,4],
[658520,990697,4],
[658519,990696,4],
[658519,990696,4],
[658519,990696,4],
[658518,990695,4],
[658518,990695,4],
[658517,990695,4],
[658517,990695,4],
[658517,990694,4],
[658516,990694,4],
[658516,990694,4],
[658515,990693,4],
[658515,990693,4],
[658515,990693,4],
[658514,990693,4],
[658514,990692,4],
[658513,990692,4],
[658513,990692,4],
[658513,990691,4],
[658512,990691,4],
[658512,990691,4],
[658511,990690,4],
[658511,990690,4],
[658511,990690,4],
[658510,990690,4],
[658510,990689,4],
[658509,990689,4],
[658509,990689,4],
[658508,990688,4],
[658508,990688,4],
[658508,990688,4],
[658507,990688,4],
[658507,990687,4],
[658506,990687,4],
[658506,990687,4],
[658506,990686,4],
[658505,990686,4],
[658505,990686,4],
[658504,990686,4],
[658504,990685,4],
[658504,990685,4],
[658503,990685,4],
[658503,990684,4],
[658502,990684,4],
[658502,990684,4],
[658502,990684,4],
[658501,990683,4],
[658501,990683,4],
[658500,990683,4],
[658500,990682,4],
[658500,990682,4],
[658499,990682,4],
[658499,990681,4],
[658498,990681,4],
[658498,990681,4],
[658497,990681,4],
[658497,990680,4],
[658497,990680,4],
[658496,990680,4],
[658496,990679,4],
[658495,990679,4],
[658495,990679,4],
[658495,990679,4],
[658494,990678,4],
[658494,990678,4],
[658493,990678,4],
[658493,990677,4],
[658493,990677,4],
[658492,990677,4],
[658492,990677,4],
[658491,990676,4],
[658491,990676,4],
[658491,990676,4],
[658490,990675,4],
[658490,990675,4],
[658489,990675,4],
[658489,990675,4],
[658489,990674,4],
[658488,990674,4],
[658488,990674,4],
[658487,990673,4],
[658487,990673,4],
[658486,990673,4],
[658486,990673,4],
[658486,990672,4],
[658485,990672,4],
[658485,990672,4],
[658484,990671,4],
[658484,990671,4],
[658484,990671,4],
[658483,990670,4],
[658483,990670,4],
[658482,990670,4],
[658482,990670,4],
[658482,990669,4],
[658481,990669,4],
[658481,990669,4],
[658480,990668,4],
[658480,990668,4],
[658480,990668,4],
[658479,990668,4],
[658479,990667,4],
[658478,990667,4],
[658478,990667,4],
[658478,990666,4],
[658477,990666,4],
[658477,990666,4],
[658476,990666,4],
[658476,990665,4],
[658476,990665,4],
[658475,990665,4],
[658475,990664,4],
[658474,990664,4],
[658474,990664,4],
[658473,990664,4],
[658473,990663,4],
[658473,990663,4],
[658472,990663,4],
[658472,990662,4],
[658471,990662,4],
[658471,990662,4],
[658471,990661,4],
[658470,990661,4],
[658470,990661,4],
[658469,990661,4],
[658469,990660,4],
[658469,990660,4],
[658468,990660,4],
[658468,990659,4],
[658467,990659,4],
[658467,990659,4],
[658467,990659,4],
[658466,990658,4],
[658466,990658,4],
[658465,990658,4],
[658465,990657,4],
[658465,990657,4],
[658464,990657,4],
[658464,990657,4],
[658463,990656,4],
[658463,990656,4],
[658462,990656,4],
[658462,990655,4],
[658462,990655,4],
[658461,990655,4],
[658461,990655,4],
[658460,990654,4],
[658460,990654,4],
[658460,990654,4],
[658459,990653,4],
[658459,990653,4],
[658458,990653,4],
[658458,990652,4],
[658458,990652,4],
[658457,990652,4],
[658457,990652,4],
[658456,990651,4],
[658456,990651,4],
[658456,990651,4],
[658455,990650,4],
[658455,990650,4],
[658454,990650,4],
[658454,990650,4],
[658454,990649,4],
[658453,990649,4],
[658453,990649,4],
[658452,990648,4],
[658452,990648,4],
[658451,990648,4],
[658451,990648,4],
[658451,990647,4],
[658450,990647,4],
[658450,990647,4],
[658449,990646,4],
[658449,990646,4],
[658449,990646,4],
[658448,990646,4],
[658448,990645,4],
[658447,990645,4],
[658447,990645,4],
[658447,990644,4],
[658446,990644,4],
[658446,990644,4],
[658445,990644,4],
[658445,990643,4],
[658445,990643,4],
[658444,990643,4],
[658444,990642,4],
[658443,990642,4],
[658443,990642,4],
[658443,990641,4],
[658442,990641,4],
[658442,990641,4],
[658441,990641,4],
[658441,990640,4],
[658440,990640,4],
[658440,990640,4],
[658440,990639,4],
[658439,990639,4],
[658439,990639,4],
[658438,990639,4],
[658438,990638,4],
[658438,990638,4],
[658437,990638,4],
[658437,990637,4],
[658436,990637,4],
[658436,990637,4],
[658436,990637,4],
[658435,990636,4],
[658435,990636,4],
[658434,990636,4],
[658434,990635,4],
[658434,990635,4],
[658433,990635,4],
[658433,990635,4],
[658432,990634,4],
[658432,990634,4],
[658432,990634,4],
[658431,990633,4],
[658431,990633,4],
[658430,990633,4],
[658430,990632,4],
[658429,990632,4],
[658429,990632,4],
[658429,990632,4],
[658428,990631,4],
[658428,990631,4],
[658427,990631,4],
[658427,990630,4],
[658427,990630,4],
[658426,990630,4],
[658426,990630,4],
[658425,990629,4],
[658425,990629,4],
[658425,990629,4],
[658424,990628,4],
[658424,990628,4],
[658423,990628,4],
[658423,990628,4],
[658423,990627,4],
[658422,990627,4],
[658422,990627,4],
[658421,990626,4],
[658421,990626,4],
[658421,990626,4],
[658420,990626,4],
[658420,990625,4],
[658419,990625,4],
[658419,990625,4],
[658418,990624,4],
[658418,990624,4],
[658418,990624,4],
[658417,990623,4],
[658417,990623,4],
[658416,990623,4],
[658416,990623,4],
[658416,990622,4],
[658415,990622,4],
[658415,990622,4],
[658414,990621,4],
[658414,990621,4],
[658414,990621,4],
[658413,990621,4],
[658413,990620,4],
[658412,990620,4],
[658412,990620,4],
[658412,990619,4],
[658411,990619,4],
[658411,990619,4],
[658410,990619,4],
[658410,990618,4],
[658410,990618,4],
[658409,990618,4],
[658409,990617,4],
[658408,990617,4],
[658408,990617,4],
[658407,990617,4],
[658407,990616,4],
[658407,990616,4],
[658406,990616,4],
[658406,990615,4],
[658405,990615,4],
[658405,990615,4],
[658405,990614,4],
[658404,990614,4],
[658404,990614,4],
[658403,990614,4],
[658403,990613,4],
[658403,990613,4],
[658402,990613,4],
[658402,990612,4],
[658401,990612,4],
[658401,990612,4],
[658401,990612,4],
[658400,990611,4],
[658400,990611,4],
[658399,990611,4],
[658399,990610,4],
[658399,990610,4],
[658398,990610,4],
[658398,990610,4],
[658397,990609,4],
[658397,990609,4],
[658397,990609,4],
[658396,990608,4],
[658396,990608,4],
[658395,990608,4],
[658395,990608,4],
[658394,990607,4],
[658394,990607,4],
[658394,990607,4],
[658393,990606,4],
[658393,990606,4],
[658392,990606,4],
[658392,990605,4],
[658392,990605,4],
[658391,990605,4],
[658391,990605,4],
[658390,990604,4],
[658390,990604,4],
[658390,990604,4],
[658389,990603,4],
[658389,990603,4],
[658388,990603,4],
[658388,990603,4],
[658388,990602,4],
[658387,990602,4],
[658387,990602,4],
[658386,990601,4],
[658386,990601,4],
[658386,990601,4],
[658385,990601,4],
[658385,990600,4],
[658384,990600,4],
[658384,990600,4],
[658384,990599,4],
[658383,990599,4],
[658383,990599,4],
[658382,990598,4],
[658382,990598,4],
[658381,990598,4],
[658381,990598,4],
[658381,990597,4],
[658380,990597,4],
[658380,990597,4],
[658379,990596,4],
[658379,990596,4],
[658379,990596,4],
[658378,990596,4],
[658378,990595,4],
[658377,990595,4],
[658377,990595,4],
[658377,990594,4],
[658376,990594,4],
[658376,990594,4],
[658375,990593,4],
[658375,990593,4],
[658375,990593,4],
[658374,990593,4],
[658374,990592,4],
[658373,990592,4],
[658373,990592,4],
[658373,990591,4],
[658372,990591,4],
[658372,990591,4],
[658371,990591,4],
[658371,990590,4],
[658371,990590,4],
[658370,990590,4],
[658370,990589,4],
[658369,990589,4],
[658369,990589,4],
[658369,990588,4],
[658368,990588,4],
[658368,990588,4],
[658367,990588,4],
[658367,990587,4],
[658367,990587,4],
[658366,990587,4],
[658366,990586,4],
[658365,990586,4],
[658365,990586,4],
[658365,990585,4],
[658364,990585,4],
[658364,990585,4],
[658363,990585,4],
[658363,990584,4],
[658363,990584,4],
[658362,990584,4],
[658362,990583,4],
[658361,990583,4],
[658361,990583,4],
[658360,990583,4],
[658360,990582,4],
[658360,990582,4],
[658359,990582,4],
[658359,990581,4],
[658358,990581,4],
[658358,990581,4],
[658358,990580,4],
[658357,990580,4],
[658357,990580,4],
[658356,990580,4],
[658356,990579,4],
[658356,990579,4],
[658355,990579,4],
[658355,990578,4],
[658354,990578,4],
[658354,990578,4],
[658354,990577,4],
[658353,990577,4],
[658353,990577,4],
[658352,990577,4],
[658352,990576,4],
[658352,990576,4],
[658351,990576,4],
[658351,990575,4],
[658350,990575,4],
[658350,990575,4],
[658350,990574,4],
[658349,990574,4],
[658349,990574,4],
[658348,990574,4],
[658348,990573,4],
[658348,990573,4],
[658347,990573,4],
[658347,990572,4],
[658346,990572,4],
[658346,990572,4],
[658346,990571,4],
[658345,990571,4],
[658345,990571,4],
[658345,990571,4],
[658344,990570,4],
[658344,990570,4],
[658343,990570,4],
[658343,990569,4],
[658343,990569,4],
[658342,990569,4],
[658342,990568,4],
[658341,990568,4],
[658341,990568,4],
[658341,990567,4],
[658340,990567,4],
[658340,990567,4],
[658339,990567,4],
[658339,990566,4],
[658339,990566,4],
[658338,990566,4],
[658338,990565,4],
[658337,990565,4],
[658337,990565,4],
[658337,990564,4],
[658336,990564,4],
[658336,990564,4],
[658335,990564,4],
[658335,990563,4],
[658335,990563,4],
[658334,990563,4],
[658334,990562,4],
[658333,990562,4],
[658333,990562,4],
[658333,990561,4],
[658332,990561,4],
[658332,990561,4],
[658331,990560,4],
[658331,990560,4],
[658331,990560,4],
[658330,990560,4],
[658330,990559,4],
[658329,990559,4],
[658329,990559,4],
[658329,990558,4],
[658328,990558,4],
[658328,990558,4],
[658327,990557,4],
[658327,990557,4],
[658327,990557,4],
[658326,990556,4],
[658326,990556,4],
[658326,990556,4],
[658325,990556,4],
[658325,990555,4],
[658324,990555,4],
[658324,990555,4],
[658324,990554,4],
[658323,990554,4],
[658323,990554,4],
[658322,990553,4],
[658322,990553,4],
[658322,990553,4],
[658321,990552,4],
[658321,990552,4],
[658320,990552,4],
[658320,990551,4],
[658320,990551,4],
[658319,990551,4],
[658319,990551,4],
[658318,990550,4],
[658318,990550,4],
[658318,990550,4],
[658317,990549,4],
[658317,990549,4],
[658317,990549,4],
[658316,990548,4],
[658316,990548,4],
[658315,990548,4],
[658315,990547,4],
[658315,990547,4],
[658314,990547,4],
[658314,990546,4],
[658313,990546,4],
[658313,990546,4],
[658313,990545,4],
[658312,990545,4],
[658312,990545,4],
[658312,990545,4],
[658311,990544,4],
[658311,990544,4],
[658310,990544,4],
[658310,990543,4],
[658310,990543,4],
[658309,990543,4],
[658309,990542,4],
[658308,990542,4],
[658308,990542,4],
[658308,990541,4],
[658307,990541,4],
[658307,990541,4],
[658306,990540,4],
[658306,990540,4],
[658306,990540,4],
[658305,990539,4],
[658305,990539,4],
[658305,990539,4],
[658304,990538,4],
[658304,990538,4],
[658303,990538,4],
[658303,990538,4],
[658303,990537,4],
[658302,990537,4],
[658302,990537,4],
[658302,990536,4],
[658301,990536,4],
[658301,990536,4],
[658300,990535,4],
[658300,990535,4],
[658300,990535,4],
[658299,990534,4],
[658299,990534,4],
[658298,990534,4],
[658298,990533,4],
[658298,990533,4],
[658297,990533,4],
[658297,990532,4],
[658297,990532,4],
[658296,990532,4],
[658296,990531,4],
[658295,990531,4],
[658295,990531,4],
[658295,990530,4],
[658294,990530,4],
[658294,990530,4],
[658294,990529,4],
[658293,990529,4],
[658293,990529,4],
[658292,990528,4],
[658292,990528,4],
[658292,990528,4],
[658291,990527,4],
[658291,990527,4],
[658290,990527,4],
[658290,990526,4],
[658290,990526,4],
[658289,990526,4],
[658289,990526,4],
[658289,990525,4],
[658288,990525,4],
[658288,990525,4],
[658287,990524,4],
[658287,990524,4],
[658287,990524,4],
[658286,990523,4],
[658286,990523,4],
[658286,990523,4],
[658285,990522,4],
[658285,990522,4],
[658284,990522,4],
[658284,990521,4],
[658284,990521,4],
[658283,990521,4],
[658283,990520,4],
[658283,990520,4],
[658282,990520,4],
[658282,990519,4],
[658281,990519,4],
[658281,990519,4],
[658281,990518,4],
[658280,990518,4],
[658280,990518,4],
[658280,990517,4],
[658279,990517,4],
[658279,990517,4],
[658278,990516,4],
[658278,990516,4],
[658278,990516,4],
[658277,990515,4],
[658277,990515,4],
[658277,990515,4],
[658276,990514,4],
[658276,990514,4],
[658276,990514,4],
[658275,990513,4],
[658275,990513,4],
[658274,990513,4],
[658274,990512,4],
[658274,990512,4],
[658273,990512,4],
[658273,990511,4],
[658273,990511,4],
[658272,990511,4],
[658272,990510,4],
[658271,990510,4],
[658271,990510,4],
[658271,990509,4],
[658270,990509,4],
[658270,990508,4],
[658270,990508,4],
[658269,990508,4],
[658269,990507,4],
[658269,990507,4],
[658268,990507,4],
[658268,990506,4],
[658267,990506,4],
[658267,990506,4],
[658267,990505,4],
[658266,990505,4],
[658266,990505,4],
[658266,990504,4],
[658265,990504,4],
[658265,990504,4],
[658264,990503,4],
[658264,990503,4],
[658264,990503,4],
[658263,990502,4],
[658263,990502,4],
[658263,990502,4],
[658262,990501,4],
[658262,990501,4],
[658262,990501,4],
[658261,990500,4],
[658261,990500,4],
[658260,990500,4],
[658260,990499,4],
[658260,990499,4],
[658259,990499,4],
[658259,990498,4],
[658259,990498,4],
[658258,990498,4],
[658258,990497,4],
[658258,990497,4],
[658257,990497,5],
[658257,990496,5],
[658256,990496,5],
[658256,990495,5],
[658256,990495,5],
[658255,990495,5],
[658255,990494,5],
[658255,990494,5],
[658254,990494,5],
[658254,990493,5],
[658254,990493,5],
[658253,990493,5],
[658253,990492,5],
[658253,990492,5],
[658252,990492,5],
[658252,990491,5],
[658251,990491,5],
[658251,990491,5],
[658251,990490,5],
[658250,990490,5],
[658250,990490,5],
[658250,990489,5],
[658249,990489,5],
[658249,990489,5],
[658249,990488,5],
[658248,990488,5],
[658248,990487,5],
[658248,990487,5],
[658247,990487,5],
[658247,990486,5],
[658246,990486,5],
[658246,990486,5],
[658246,990485,5],
[658245,990485,5],
[658245,990485,5],
[658245,990484,5],
[658244,990484,5],
[658244,990484,5],
[658244,990483,5],
[658243,990483,5],
[658243,990483,5],
[658243,990482,5],
[658242,990482,5],
[658242,990481,5],
[658241,990481,5],
[658241,990481,5],
[658241,990480,5],
[658240,990480,5],
[658240,990480,5],
[658240,990479,5],
[658239,990479,5],
[658239,990479,5],
[658239,990478,5],
[658238,990478,5],
[658238,990478,5],
[658238,990477,5],
[658237,990477,5],
[658237,990477,5],
[658237,990476,5],
[658236,990476,5],
[658236,990475,5],
[658236,990475,5],
[658235,990475,5],
[658235,990474,5],
[658234,990474,5],
[658234,990474,5],
[658234,990473,5],
[658233,990473,5],
[658233,990473,5],
[658233,990472,5],
[658232,990472,5],
[658232,990472,5],
[658232,990471,5],
[658231,990471,5],
[658231,990470,5],
[658231,990470,5],
[658230,990470,5],
[658230,990469,5],
[658230,990469,5],
[658229,990469,5],
[658229,990468,5],
[658229,990468,5],
[658228,990468,5],
[658228,990467,5],
[658228,990467,5],
[658227,990466,5],
[658227,990466,5],
[658226,990466,5],
[658226,990465,5],
[658226,990465,5],
[658225,990465,5],
[658225,990464,5],
[658225,990464,5],
[658224,990464,5],
[658224,990463,5],
[658224,990463,5],
[658223,990462,5],
[658223,990462,5],
[658223,990462,5],
[658222,990461,5],
[658222,990461,5],
[658222,990461,5],
[658221,990460,5],
[658221,990460,5],
[658221,990460,5],
[658220,990459,5],
[658220,990459,5],
[658220,990458,5],
[658219,990458,5],
[658219,990458,5],
[658219,990457,5],
[658218,990457,5],
[658218,990457,5],
[658218,990456,5],
[658217,990456,5],
[658217,990456,5],
[658217,990455,5],
[658216,990455,5],
[658216,990454,5],
[658216,990454,5],
[658215,990454,5],
[658215,990453,5],
[658214,990453,5],
[658214,990453,5],
[658214,990452,5],
[658213,990452,5],
[658213,990452,5],
[658213,990451,5],
[658212,990451,5],
[658212,990450,5],
[658212,990450,5],
[658211,990450,5],
[658211,990449,5],
[658211,990449,5],
[658210,990449,5],
[658210,990448,5],
[658210,990448,5],
[658209,990447,5],
[658209,990447,5],
[658209,990447,5],
[658208,990446,5],
[658208,990446,5],
[658208,990446,5],
[658207,990445,5],
[658207,990445,5],
[658207,990444,5],
[658206,990444,5],
[658206,990444,5],
[658206,990443,5],
[658205,990443,5],
[658205,990443,5],
[658205,990442,5],
[658204,990442,5],
[658204,990441,5],
[658204,990441,5],
[658203,990441,5],
[658203,990440,5],
[658203,990440,5],
[658202,990440,5],
[658202,990439,5],
[658202,990439,5],
[658201,990439,5],
[658201,990438,5],
[658201,990438,5],
[658200,990437,5],
[658200,990437,5],
[658200,990437,5],
[658199,990436,5],
[658199,990436,5],
[658199,990435,5],
[658198,990435,5],
[658198,990435,5],
[658198,990434,5],
[658197,990434,5],
[658197,990434,5],
[658197,990433,5],
[658197,990433,5],
[658196,990432,5],
[658196,990432,5],
[658196,990432,5],
[658195,990431,5],
[658195,990431,5],
[658195,990431,5],
[658194,990430,5],
[658194,990430,5],
[658194,990429,5],
[658193,990429,5],
[658193,990429,5],
[658193,990428,5],
[658192,990428,5],
[658192,990428,5],
[658192,990427,5],
[658191,990427,5],
[658191,990426,5],
[658191,990426,5],
[658190,990426,5],
[658190,990425,5],
[658190,990425,5],
[658189,990425,5],
[658189,990424,5],
[658189,990424,5],
[658188,990423,5],
[658188,990423,5],
[658188,990423,5],
[658187,990422,5],
[658187,990422,5],
[658187,990421,5],
[658186,990421,5],
[658186,990421,5],
[658186,990420,5],
[658185,990420,5],
[658185,990420,5],
[658185,990419,5],
[658185,990419,5],
[658184,990418,5],
[658184,990418,5],
[658184,990418,5],
[658183,990417,5],
[658183,990417,5],
[658183,990416,5],
[658182,990416,5],
[658182,990416,5],
[658182,990415,5],
[658181,990415,5],
[658181,990415,5],
[658181,990414,5],
[658180,990414,5],
[658180,990413,5],
[658180,990413,5],
[658179,990413,5],
[658179,990412,5],
[658179,990412,5],
[658178,990411,5],
[658178,990411,5],
[658178,990411,5],
[658178,990410,5],
[658177,990410,5],
[658177,990410,5],
[658177,990409,5],
[658176,990409,5],
[658176,990408,5],
[658176,990408,5],
[658175,990408,5],
[658175,990407,5],
[658175,990407,5],
[658174,990406,5],
[658174,990406,5],
[658174,990406,5],
[658173,990405,5],
[658173,990405,5],
[658173,990404,5],
[658172,990404,5],
[658172,990404,5],
[658172,990403,5],
[658172,990403,5],
[658171,990403,5],
[658171,990402,5],
[658171,990402,5],
[658170,990401,5],
[658170,990401,5],
[658170,990401,5],
[658169,990400,5],
[658169,990400,5],
[658169,990399,5],
[658168,990399,5],
[658168,990399,5],
[658168,990398,5],
[658168,990398,5],
[658167,990397,5],
[658167,990397,5],
[658167,990397,5],
[658166,990396,5],
[658166,990396,5],
[658166,990395,5],
[658165,990395,5],
[658165,990395,5],
[658165,990394,5],
[658164,990394,5],
[658164,990393,5],
[658164,990393,5],
[658164,990393,5],
[658163,990392,5],
[658163,990392,5],
[658163,990391,5],
[658162,990391,5],
[658162,990391,5],
[658162,990390,5],
[658161,990390,5],
[658161,990390,5],
[658161,990389,5],
[658160,990389,5],
[658160,990388,5],
[658160,990388,5],
[658160,990388,5],
[658159,990387,5],
[658159,990387,5],
[658159,990386,5],
[658158,990386,5],
[658158,990386,5],
[658158,990385,5],
[658157,990385,5],
[658157,990384,5],
[658157,990384,5],
[658157,990384,5],
[658156,990383,5],
[658156,990383,5],
[658156,990382,5],
[658155,990382,5],
[658155,990382,5],
[658155,990381,5],
[658154,990381,5],
[658154,990380,5],
[658154,990380,5],
[658153,990380,5],
[658153,990379,5],
[658153,990379,5],
[658153,990378,5],
[658152,990378,5],
[658152,990378,5],
[658152,990377,5],
[658151,990377,5],
[658151,990376,5],
[658151,990376,5],
[658151,990376,5],
[658150,990375,5],
[658150,990375,5],
[658150,990374,5],
[658149,990374,5],
[658149,990374,5],
[658149,990373,5],
[658148,990373,5],
[658148,990372,5],
[658148,990372,5],
[658148,990372,5],
[658147,990371,5],
[658147,990371,5],
[658147,990370,5],
[658146,990370,5],
[658146,990370,5],
[658146,990369,5],
[658145,990369,5],
[658145,990368,5],
[658145,990368,5],
[658145,990367,5],
[658144,990367,5],
[658144,990367,5],
[658144,990366,5],
[658143,990366,5],
[658143,990365,5],
[658143,990365,5],
[658143,990365,5],
[658142,990364,5],
[658142,990364,5],
[658142,990363,5],
[658141,990363,5],
[658141,990363,5],
[658141,990362,5],
[658141,990362,5],
[658140,990361,5],
[658140,990361,5],
[658140,990361,5],
[658139,990360,5],
[658139,990360,5],
[658139,990359,5],
[658138,990359,5],
[658138,990359,5],
[658138,990358,5],
[658138,990358,5],
[658137,990357,5],
[658137,990357,5],
[658137,990356,5],
[658136,990356,5],
[658136,990356,5],
[658136,990355,5],
[658136,990355,5],
[658135,990354,5],
[658135,990354,5],
[658135,990354,5],
[658134,990353,5],
[658134,990353,5],
[658134,990352,5],
[658134,990352,5],
[658133,990352,5],
[658133,990351,5],
[658133,990351,5],
[658132,990350,5],
[658132,990350,5],
[658132,990350,5],
[658132,990349,5],
[658131,990349,5],
[658131,990348,5],
[658131,990348,5],
[658130,990347,5],
[658130,990347,5],
[658130,990347,5],
[658130,990346,5],
[658129,990346,5],
[658129,990345,5],
[658129,990345,5],
[658129,990345,5],
[658128,990344,5],
[658128,990344,5],
[658128,990343,5],
[658127,990343,5],
[658127,990343,5],
[658127,990342,5],
[658127,990342,5],
[658126,990341,5],
[658126,990341,5],
[658126,990340,5],
[658125,990340,5],
[658125,990340,5],
[658125,990339,5],
[658125,990339,5],
[658124,990338,5],
[658124,990338,5],
[658124,990338,5],
[658123,990337,5],
[658123,990337,5],
[658123,990336,5],
[658123,990336,5],
[658122,990335,5],
[658122,990335,5],
[658122,990335,5],
[658122,990334,5],
[658121,990334,5],
[658121,990333,5],
[658121,990333,5],
[658120,990333,5],
[658120,990332,5],
[658120,990332,5],
[658120,990331,5],
[658119,990331,5],
[658119,990330,5],
[658119,990330,5],
[658119,990330,5],
[658118,990329,5],
[658118,990329,5],
[658118,990328,5],
[658117,990328,5],
[658117,990327,5],
[658117,990327,5],
[658117,990327,5],
[658116,990326,5],
[658116,990326,5],
[658116,990325,5],
[658116,990325,5],
[658115,990325,5],
[658115,990324,5],
[658115,990324,5],
[658114,990323,5],
[658114,990323,5],
[658114,990322,5],
[658114,990322,5],
[658113,990322,5],
[658113,990321,5],
[658113,990321,5],
[658113,990320,5],
[658112,990320,5],
[658112,990320,5],
[658112,990319,5],
[658111,990319,5],
[658111,990318,5],
[658111,990318,5],
[658111,990317,5],
[658110,990317,5],
[658110,990317,5],
[658110,990316,5],
[658110,990316,5],
[658109,990315,5],
[658109,990315,5],
[658109,990314,5],
[658109,990314,5],
[658108,990314,5],
[658108,990313,5],
[658108,990313,5],
[658108,990312,5],
[658107,990312,5],
[658107,990311,5],
[658107,990311,5],
[658106,990311,5],
[658106,990310,5],
[658106,990310,5],
[658106,990309,5],
[658105,990309,5],
[658105,990308,5],
[658105,990308,5],
[658105,990308,5],
[658104,990307,5],
[658104,990307,5],
[658104,990306,5],
[658104,990306,5],
[658103,990305,5],
[658103,990305,5],
[658103,990305,5],
[658103,990304,5],
[658102,990304,5],
[658102,990303,5],
[658102,990303,5],
[658101,990303,5],
[658101,990302,5],
[658101,990302,5],
[658101,990301,5],
[658100,990301,5],
[658100,990300,5],
[658100,990300,5],
[658100,990300,5],
[658099,990299,5],
[658099,990299,5],
[658099,990298,5],
[658099,990298,5],
[658098,990297,5],
[658098,990297,5],
[658098,990297,5],
[658098,990296,5],
[658097,990296,5],
[658097,990295,5],
[658097,990295,5],
[658097,990294,5],
[658096,990294,5],
[658096,990293,5],
[658096,990293,5],
[658096,990293,5],
[658095,990292,5],
[658095,990292,5],
[658095,990291,5],
[658095,990291,5],
[658094,990290,5],
[658094,990290,5],
[658094,990290,5],
[658094,990289,5],
[658093,990289,5],
[658093,990288,5],
[658093,990288,5],
[658093,990287,5],
[658092,990287,5],
[658092,990287,5],
[658092,990286,5],
[658092,990286,5],
[658091,990285,5],
[658091,990285,5],
[658091,990284,5],
[658091,990284,5],
[658090,990284,5],
[658090,990283,5],
[658090,990283,5],
[658090,990282,5],
[658089,990282,5],
[658089,990281,5],
[658089,990281,5],
[658089,990281,5],
[658088,990280,5],
[658088,990280,5],
[658088,990279,5],
[658088,990279,5],
[658087,990278,5],
[658087,990278,5],
[658087,990277,5],
[658087,990277,5],
[658086,990277,5],
[658086,990276,5],
[658086,990276,5],
[658086,990275,5],
[658085,990275,5],
[658085,990274,5],
[658085,990274,5],
[658085,990274,5],
[658084,990273,5],
[658084,990273,5],
[658084,990272,5],
[658084,990272,5],
[658083,990271,5],
[658083,990271,5],
[658083,990270,5],
[658083,990270,5],
[658082,990270,5],
[658082,990269,5],
[658082,990269,5],
[658082,990268,5],
[658081,990268,5],
[658081,990267,5],
[658081,990267,5],
[658081,990267,5],
[658081,990266,5],
[658080,990266,5],
[658080,990265,5],
[658080,990265,5],
[658080,990264,5],
[658079,990264,5],
[658079,990263,5],
[658079,990263,5],
[658079,990263,5],
[658078,990262,5],
[658078,990262,5],
[658078,990261,5],
[658078,990261,5],
[658077,990260,5],
[658077,990260,5],
[658077,990260,5],
[658077,990259,5],
[658076,990259,5],
[658076,990258,5],
[658076,990258,5],
[658076,990257,5],
[658076,990257,5],
[658075,990256,5],
[658075,990256,5],
[658075,990256,5],
[658075,990255,5],
[658074,990255,5],
[658074,990254,5],
[658074,990254,5],
[658074,990253,5],
[658073,990253,5],
[658073,990252,5],
[658073,990252,5],
[658073,990252,5],
[658073,990251,5],
[658072,990251,5],
[658072,990250,5],
[658072,990250,5],
[658072,990249,5],
[658071,990249,5],
[658071,990248,5],
[658071,990248,5],
[658071,990248,5],
[658070,990247,5],
[658070,990247,5],
[658070,990246,5],
[658070,990246,5],
[658070,990245,5],
[658069,990245,5],
[658069,990244,5],
[658069,990244,5],
[658069,990244,5],
[658068,990243,5],
[658068,990243,5],
[658068,990242,5],
[658068,990242,5],
[658067,990241,5],
[658067,990241,5],
[658067,990240,5],
[658067,990240,5],
[658067,990240,5],
[658066,990239,5],
[658066,990239,5],
[658066,990238,5],
[658066,990238,5],
[658065,990237,5],
[658065,990237,5],
[658065,990236,5],
[658065,990236,5],
[658065,990236,5],
[658064,990235,5],
[658064,990235,5],
[658064,990234,5],
[658064,990234,5],
[658063,990233,5],
[658063,990233,5],
[658063,990232,5],
[658063,990232,5],
[658063,990232,5],
[658062,990231,5],
[658062,990231,5],
[658062,990230,5],
[658062,990230,5],
[658061,990229,5],
[658061,990229,5],
[658061,990228,5],
[658061,990228,5],
[658061,990227,5],
[658060,990227,5],
[658060,990227,5],
[658060,990226,5],
[658060,990226,5],
[658059,990225,5],
[658059,990225,5],
[658059,990224,5],
[658059,990224,5],
[658059,990223,5],
[658058,990223,5],
[658058,990223,5],
[658058,990222,5],
[658058,990222,5],
[658058,990221,5],
[658057,990221,5],
[658057,990220,5],
[658057,990220,5],
[658057,990219,5],
[658056,990219,5],
[658056,990218,5],
[658056,990218,5],
[658056,990218,5],
[658056,990217,5],
[658055,990217,5],
[658055,990216,5],
[658055,990216,5],
[658055,990215,5],
[658055,990215,5],
[658054,990214,5],
[658054,990214,5],
[658054,990213,5],
[658054,990213,5],
[658053,990213,5],
[658053,990212,5],
[658053,990212,5],
[658053,990211,5],
[658053,990211,5],
[658052,990210,5],
[658052,990210,5],
[658052,990209,5],
[658052,990209,5],
[658052,990209,5],
[658051,990208,5],
[658051,990208,5],
[658051,990207,5],
[658051,990207,5],
[658051,990206,5],
[658050,990206,5],
[658050,990205,5],
[658050,990205,5],
[658050,990204,5],
[658049,990204,5],
[658049,990203,5],
[658049,990203,5],
[658049,990203,5],
[658049,990202,5],
[658048,990202,5],
[658048,990201,5],
[658048,990201,5],
[658048,990200,5],
[658048,990200,5],
[658047,990199,5],
[658047,990199,5],
[658047,990198,5],
[658047,990198,5],
[658047,990198,5],
[658046,990197,5],
[658046,990197,5],
[658046,990196,5],
[658046,990196,5],
[658046,990195,5],
[658045,990195,5],
[658045,990194,5],
[658045,990194,5],
[658045,990193,5],
[658045,990193,5],
[658044,990193,5],
[658044,990192,5],
[658044,990192,5],
[658044,990191,5],
[658044,990191,5],
[658043,990190,5],
[658043,990190,5],
[658043,990189,5],
[658043,990189,5],
[658043,990188,5],
[658042,990188,5],
[658042,990187,5],
[658042,990187,5],
[658042,990187,5],
[658042,990186,5],
[658041,990186,5],
[658041,990185,5],
[658041,990185,5],
[658041,990184,5],
[658041,990184,5],
[658040,990183,5],
[658040,990183,5],
[658040,990182,5],
[658040,990182,5],
[658040,990182,5],
[658039,990181,5],
[658039,990181,5],
[658039,990180,5],
[658039,990180,5],
[658039,990179,5],
[658038,990179,5],
[658038,990178,5],
[658038,990178,5],
[658038,990177,5],
[658038,990177,5],
[658037,990176,5],
[658037,990176,5],
[658037,990176,5],
[658037,990175,4],
[658037,990175,4],
[658037,990174,4],
[658036,990174,4],
[658036,990173,4],
[658036,990173,4],
[658036,990172,4],
[658036,990172,4],
[658035,990171,4],
[658035,990171,4],
[658035,990170,4],
[658035,990170,4],
[658035,990170,4],
[658034,990169,4],
[658034,990169,4],
[658034,990168,4],
[658034,990168,4],
[658034,990167,4],
[658034,990167,4],
[658033,990166,4],
[658033,990166,4],
[658033,990165,4],
[658033,990165,4],
[658033,990164,4],
[658032,990164,5],
[658032,990163,5],
[658032,990163,5],
[658032,990163,5],
[658032,990162,5],
[658031,990162,5],
[658031,990161,5],
[658031,990161,5],
[658031,990160,5],
[658031,990160,5],
[658031,990159,5],
[658030,990159,5],
[658030,990158,5],
[658030,990158,5],
[658030,990157,5],
[658030,990157,5],
[658029,990157,5],
[658029,990156,5],
[658029,990156,5],
[658029,990155,5],
[658029,990155,5],
[658029,990154,5],
[658028,990154,5],
[658028,990153,5],
[658028,990153,5],
[658028,990152,5],
[658028,990152,5],
[658027,990151,6],
[658027,990151,6],
[658027,990150,6],
[658027,990150,6],
[658027,990150,6],
[658027,990149,6],
[658026,990149,6],
[658026,990148,6],
[658026,990148,6],
[658026,990147,6],
[658026,990147,6],
[658026,990146,6],
[658025,990146,6],
[658025,990145,6],
[658025,990145,6],
[658025,990144,6],
[658025,990144,6],
[658024,990143,6],
[658024,990143,6],
[658024,990143,6],
[658024,990142,6],
[658024,990142,7],
[658024,990141,7],
[658023,990141,7],
[658023,990140,7],
[658023,990140,7],
[658023,990139,7],
[658023,990139,7],
[658023,990138,7],
[658022,990138,7],
[658022,990137,7],
[658022,990137,7],
[658022,990136,7],
[658022,990136,7],
[658022,990135,7],
[658021,990135,7],
[658021,990135,7],
[658021,990134,7],
[658021,990134,7],
[658021,990133,7],
[658020,990133,7],
[658020,990132,8],
[658020,990132,8],
[658020,990131,8],
[658020,990131,8],
[658020,990130,8],
[658019,990130,8],
[658019,990129,8],
[658019,990129,9],
[658019,990128,9],
[658019,990128,9],
[658019,990127,9],
[658018,990127,10],
[658018,990127,10],
[658018,990126,10],
[658018,990126,10],
[658018,990125,11],
[658018,990125,11],
[658017,990124,11],
[658017,990124,11],
[658017,990123,12],
[658017,990123,12],
[658017,990122,12],
[658017,990122,12],
[658016,990121,13],
[658016,990121,13],
[658016,990120,13],
[658016,990120,13],
[658016,990119,14],
[658016,990119,14],
[658015,990119,14],
[658015,990118,14],
[658015,990118,15],
[658015,990117,15],
[658015,990117,15],
[658015,990116,15],
[658014,990116,16],
[658014,990115,16],
[658014,990115,16],
[658014,990114,16],
[658014,990114,17],
[658014,990113,17],
[658013,990113,17],
[658013,990112,17],
[658013,990112,18],
[658013,990111,18],
[658013,990111,18],
[658013,990110,18],
[658013,990110,18],
[658012,990110,18],
[658012,990109,19],
[658012,990109,19],
[658012,990108,19],
[658012,990108,19],
[658012,990107,19],
[658011,990107,19],
[658011,990106,19],
[658011,990106,19],
[658011,990105,20],
[658011,990105,20],
[658011,990104,20],
[658010,990104,20],
[658010,990103,20],
[658010,990103,20],
[658010,990102,20],
[658010,990102,21],
[658010,990101,21],
[658009,990101,21],
[658009,990101,21],
[658009,990100,21],
[658009,990100,21],
[658009,990099,21],
[658009,990099,21],
[658009,990098,22],
[658008,990098,22],
[658008,990097,22],
[658008,990097,22],
[658008,990096,22],
[658008,990096,22],
[658008,990095,22],
[658007,990095,22],
[658007,990094,23],
[658007,990094,23],
[658007,990093,23],
[658007,990093,23],
[658007,990092,23],
[658006,990092,23],
[658006,990092,23],
[658006,990091,23],
[658006,990091,23],
[658006,990090,23],
[658006,990090,23],
[658006,990089,23],
[658005,990089,23],
[658005,990088,23],
[658005,990088,23],
[658005,990087,23],
[658005,990087,23],
[658005,990086,23],
[658004,990086,23],
[658004,990085,23],
[658004,990085,23],
[658004,990084,23],
[658004,990084,23],
[658004,990083,23],
[658004,990083,23],
[658003,990082,24],
[658003,990082,24],
[658003,990082,24],
[658003,990081,24],
[658003,990081,24],
[658003,990080,24],
[658002,990080,24],
[658002,990079,24],
[658002,990079,24],
[658002,990078,24],
[658002,990078,24],
[658002,990077,24],
[658002,990077,24],
[658001,990076,24],
[658001,990076,24],
[658001,990075,24],
[658001,990075,24],
[658001,990074,24],
[658001,990074,24],
[658000,990073,24],
[658000,990073,24],
[658000,990072,24],
[658000,990072,24],
[658000,990072,24],
[658000,990071,24],
[658000,990071,24],
[657999,990070,24],
[657999,990070,24],
[657999,990069,24],
[657999,990069,24],
[657999,990068,24],
[657999,990068,24],
[657998,990067,24],
[657998,990067,24],
[657998,990066,24],
[657998,990066,24],
[657998,990065,24],
[657998,990065,24],
[657998,990064,24],
[657997,990064,24],
[657997,990063,24],
[657997,990063,24],
[657997,990062,24],
[657997,990062,24],
[657997,990062,24],
[657997,990061,24],
[657996,990061,24],
[657996,990060,24],
[657996,990060,24],
[657996,990059,24],
[657996,990059,24],
[657996,990058,24],
[657995,990058,24],
[657995,990057,24],
[657995,990057,24],
[657995,990056,24],
[657995,990056,24],
[657995,990055,24],
[657995,990055,24],
[657994,990054,24],
[657994,990054,24],
[657994,990053,24],
[657994,990053,24],
[657994,990052,24],
[657994,990052,24],
[657994,990052,24],
[657993,990051,24],
[657993,990051,24],
[657993,990050,24],
[657993,990050,24],
[657993,990049,24],
[657993,990049,24],
[657992,990048,24],
[657992,990048,24],
[657992,990047,24],
[657992,990047,24],
[657992,990046,24],
[657992,990046,24],
[657992,990045,24],
[657991,990045,24],
[657991,990044,24],
[657991,990044,24],
[657991,990043,24],
[657991,990043,24],
[657991,990042,24],
[657991,990042,24],
[657990,990041,24],
[657990,990041,24],
[657990,990041,24],
[657990,990040,24],
[657990,990040,24],
[657990,990039,24],
[657989,990039,24],
[657989,990038,24],
[657989,990038,24],
[657989,990037,24],
[657989,990037,24],
[657989,990036,24],
[657989,990036,24],
[657988,990035,24],
[657988,990035,24],
[657988,990034,24],
[657988,990034,24],
[657988,990033,24],
[657988,990033,24],
[657988,990032,24],
[657987,990032,24],
[657987,990031,24],
[657987,990031,24],
[657987,990031,24],
[657987,990030,24],
[657987,990030,24],
[657987,990029,24],
[657986,990029,24],
[657986,990028,24],
[657986,990028,24],
[657986,990027,24],
[657986,990027,24],
[657986,990026,24],
[657985,990026,24],
[657985,990025,24],
[657985,990025,24],
[657985,990024,24],
[657985,990024,24],
[657985,990023,24],
[657985,990023,24],
[657984,990022,24],
[657984,990022,24],
[657984,990021,24],
[657984,990021,24],
[657984,990020,24],
[657984,990020,24],
[657984,990020,24],
[657983,990019,24],
[657983,990019,24],
[657983,990018,24],
[657983,990018,24],
[657983,990017,24],
[657983,990017,24],
[657983,990016,24],
[657982,990016,24],
[657982,990015,24],
[657982,990015,24],
[657982,990014,24],
[657982,990014,24],
[657982,990013,24],
[657981,990013,23],
[657981,990012,23],
[657981,990012,23],
[657981,990011,23],
[657981,990011,23],
[657981,990010,23],
[657981,990010,23],
[657980,990010,23],
[657980,990009,23],
[657980,990009,23],
[657980,990008,23],
[657980,990008,23],
[657980,990007,23],
[657980,990007,23],
[657979,990006,23],
[657979,990006,23],
[657979,990005,23],
[657979,990005,23],
[657979,990004,23],
[657979,990004,23],
[657979,990003,23],
[657978,990003,23],
[657978,990002,23],
[657978,990002,22],
[657978,990001,22],
[657978,990001,22],
[657978,990000,22],
[657977,990000,22],
[657977,989999,22],
[657977,989999,22],
[657977,989999,22],
[657977,989998,22],
[657977,989998,22],
[657977,989997,22],
[657976,989997,22],
[657976,989996,22],
[657976,989996,22],
[657976,989995,22],
[657976,989995,22],
[657976,989994,22],
[657976,989994,22],
[657975,989993,22],
[657975,989993,22],
[657975,989992,22],
[657975,989992,22],
[657975,989991,22],
[657975,989991,22],
[657975,989990,22],
[657974,989990,22],
[657974,989989,23],
[657974,989989,23],
[657974,989988,23],
[657974,989988,23],
[657974,989988,23],
[657973,989987,23],
[657973,989987,23],
[657973,989986,23],
[657973,989986,23],
[657973,989985,23],
[657973,989985,23],
[657973,989984,23],
[657972,989984,23],
[657972,989983,23],
[657972,989983,23],
[657972,989982,23],
[657972,989982,23],
[657972,989981,23],
[657972,989981,23],
[657971,989980,23],
[657971,989980,23],
[657971,989979,23],
[657971,989979,23],
[657971,989978,23],
[657971,989978,23],
[657971,989978,23],
[657970,989977,23],
[657970,989977,23],
[657970,989976,23],
[657970,989976,23],
[657970,989975,23],
[657970,989975,23],
[657969,989974,23],
[657969,989974,23],
[657969,989973,23],
[657969,989973,23],
[657969,989972,23],
[657969,989972,23],
[657969,989971,23],
[657968,989971,23],
[657968,989970,23],
[657968,989970,23],
[657968,989969,23],
[657968,989969,23],
[657968,989968,23],
[657968,989968,23],
[657967,989967,23],
[657967,989967,23],
[657967,989967,23],
[657967,989966,23],
[657967,989966,23],
[657967,989965,23],
[657967,989965,23],
[657966,989964,23],
[657966,989964,23],
[657966,989963,23],
[657966,989963,23],
[657966,989962,23],
[657966,989962,23],
[657965,989961,23],
[657965,989961,23],
[657965,989960,23],
[657965,989960,23],
[657965,989959,23],
[657965,989959,23],
[657965,989958,23],
[657964,989958,23],
[657964,989957,23],
[657964,989957,23],
[657964,989956,23],
[657964,989956,23],
[657964,989956,23],
[657964,989955,23],
[657963,989955,23],
[657963,989954,23],
[657963,989954,23],
[657963,989953,23],
[657963,989953,23],
[657963,989952,23],
[657963,989952,23],
[657962,989951,23],
[657962,989951,23],
[657962,989950,23],
[657962,989950,23],
[657962,989949,23],
[657962,989949,23],
[657961,989948,23],
[657961,989948,23],
[657961,989947,23],
[657961,989947,23],
[657961,989946,23],
[657961,989946,23],
[657961,989946,23],
[657960,989945,23],
[657960,989945,23],
[657960,989944,23],
[657960,989944,23],
[657960,989943,23],
[657960,989943,23],
[657960,989942,23],
[657959,989942,23],
[657959,989941,23],
[657959,989941,23],
[657959,989940,23],
[657959,989940,23],
[657959,989939,23],
[657959,989939,23],
[657958,989938,23],
[657958,989938,23],
[657958,989937,23],
[657958,989937,23],
[657958,989936,23],
[657958,989936,23],
[657957,989935,23],
[657957,989935,23],
[657957,989935,23],
[657957,989934,23],
[657957,989934,23],
[657957,989933,23],
[657957,989933,23],
[657956,989932,23],
[657956,989932,23],
[657956,989931,23],
[657956,989931,23],
[657956,989930,23],
[657956,989930,23],
[657956,989929,23],
[657955,989929,23],
[657955,989928,23],
[657955,989928,23],
[657955,989927,23],
[657955,989927,23],
[657955,989926,23],
[657954,989926,23],
[657954,989925,23],
[657954,989925,23],
[657954,989925,23],
[657954,989924,23],
[657954,989924,23],
[657954,989923,23],
[657953,989923,23],
[657953,989922,23],
[657953,989922,23],
[657953,989921,23],
[657953,989921,23],
[657953,989920,23],
[657952,989920,23],
[657952,989919,23],
[657952,989919,23],
[657952,989918,23],
[657952,989918,23],
[657952,989917,23],
[657952,989917,23],
[657951,989916,23],
[657951,989916,23],
[657951,989915,23],
[657951,989915,23],
[657951,989915,23],
[657951,989914,23],
[657950,989914,23],
[657950,989913,23],
[657950,989913,23],
[657950,989912,23],
[657950,989912,23],
[657950,989911,23],
[657950,989911,23],
[657949,989910,23],
[657949,989910,23],
[657949,989909,23],
[657949,989909,23],
[657949,989908,23],
[657949,989908,23],
[657948,989907,23],
[657948,989907,23],
[657948,989906,23],
[657948,989906,23],
[657948,989906,23],
[657948,989905,23],
[657947,989905,23],
[657947,989904,23],
[657947,989904,23],
[657947,989903,23],
[657947,989903,23],
[657947,989902,23],
[657947,989902,23],
[657946,989901,23],
[657946,989901,23],
[657946,989900,23],
[657946,989900,23],
[657946,989899,23],
[657946,989899,23],
[657945,989898,23],
[657945,989898,23],
[657945,989897,23],
[657945,989897,23],
[657945,989897,23],
[657945,989896,23],
[657944,989896,22],
[657944,989895,22],
[657944,989895,22],
[657944,989894,22],
[657944,989894,22],
[657944,989893,22],
[657943,989893,22],
[657943,989892,22],
[657943,989892,22],
[657943,989891,22],
[657943,989891,22],
[657943,989890,22],
[657942,989890,22],
[657942,989889,22],
[657942,989889,22],
[657942,989888,22],
[657942,989888,22],
[657942,989888,22],
[657941,989887,22],
[657941,989887,22],
[657941,989886,22],
[657941,989886,22],
[657941,989885,22],
[657941,989885,22],
[657940,989884,22],
[657940,989884,22],
[657940,989883,22],
[657940,989883,22],
[657940,989882,22],
[657940,989882,22],
[657939,989881,22],
[657939,989881,22],
[657939,989880,22],
[657939,989880,22],
[657939,989880,22],
[657939,989879,22],
[657938,989879,22],
[657938,989878,22],
[657938,989878,21],
[657938,989877,21],
[657938,989877,21],
[657938,989876,21],
[657937,989876,21],
[657937,989875,21],
[657937,989875,21],
[657937,989874,21],
[657937,989874,21],
[657936,989873,21],
[657936,989873,21],
[657936,989873,21],
[657936,989872,21],
[657936,989872,21],
[657936,989871,21],
[657935,989871,21],
[657935,989870,21],
[657935,989870,21],
[657935,989869,21],
[657935,989869,21],
[657935,989868,21],
[657934,989868,21],
[657934,989867,21],
[657934,989867,21],
[657934,989866,21],
[657934,989866,21],
[657933,989865,21],
[657933,989865,21],
[657933,989865,21],
[657933,989864,21],
[657933,989864,21],
[657933,989863,21],
[657932,989863,21],
[657932,989862,21],
[657932,989862,21],
[657932,989861,21],
[657932,989861,21],
[657931,989860,21],
[657931,989860,21],
[657931,989859,21],
[657931,989859,21],
[657931,989859,21],
[657931,989858,21],
[657930,989858,21],
[657930,989857,21],
[657930,989857,21],
[657930,989856,21],
[657930,989856,21],
[657929,989855,21],
[657929,989855,21],
[657929,989854,21],
[657929,989854,21],
[657929,989853,21],
[657929,989853,21],
[657928,989852,21],
[657928,989852,21],
[657928,989852,21],
[657928,989851,21],
[657928,989851,21],
[657927,989850,21],
[657927,989850,21],
[657927,989849,21],
[657927,989849,21],
[657927,989848,21],
[657926,989848,21],
[657926,989847,21],
[657926,989847,21],
[657926,989846,21],
[657926,989846,21],
[657925,989846,21],
[657925,989845,21],
[657925,989845,21],
[657925,989844,21],
[657925,989844,21],
[657924,989843,21],
[657924,989843,21],
[657924,989842,21],
[657924,989842,21],
[657924,989841,21],
[657923,989841,21],
[657923,989841,21],
[657923,989840,21],
[657923,989840,21],
[657923,989839,21],
[657922,989839,21],
[657922,989838,21],
[657922,989838,21],
[657922,989837,21],
[657922,989837,21],
[657921,989836,21],
[657921,989836,21],
[657921,989835,21],
[657921,989835,21],
[657921,989835,21],
[657920,989834,21],
[657920,989834,21],
[657920,989833,21],
[657920,989833,21],
[657920,989832,21],
[657919,989832,21],
[657919,989831,21],
[657919,989831,21],
[657919,989830,21],
[657919,989830,21],
[657918,989830,21],
[657918,989829,21],
[657918,989829,21],
[657918,989828,21],
[657918,989828,21],
[657917,989827,21],
[657917,989827,21],
[657917,989826,21],
[657917,989826,21],
[657916,989825,21],
[657916,989825,21],
[657916,989825,21],
[657916,989824,21],
[657916,989824,21],
[657915,989823,21],
[657915,989823,21],
[657915,989822,21],
[657915,989822,21],
[657915,989821,21],
[657914,989821,21],
[657914,989821,21],
[657914,989820,21],
[657914,989820,21],
[657913,989819,21],
[657913,989819,21],
[657913,989818,21],
[657913,989818,21],
[657913,989817,21],
[657912,989817,21],
[657912,989816,21],
[657912,989816,21],
[657912,989816,21],
[657911,989815,21],
[657911,989815,21],
[657911,989814,21],
[657911,989814,21],
[657911,989813,21],
[657910,989813,21],
[657910,989812,21],
[657910,989812,21],
[657910,989812,21],
[657909,989811,21],
[657909,989811,21],
[657909,989810,21],
[657909,989810,21],
[657909,989809,21],
[657908,989809,21],
[657908,989808,21],
[657908,989808,21],
[657908,989808,21],
[657907,989807,21],
[657907,989807,21],
[657907,989806,21],
[657907,989806,21],
[657906,989805,21],
[657906,989805,21],
[657906,989804,21],
[657906,989804,21],
[657905,989804,21],
[657905,989803,21],
[657905,989803,21],
[657905,989802,21],
[657905,989802,20],
[657904,989801,20],
[657904,989801,20],
[657904,989800,20],
[657904,989800,20],
[657903,989800,20],
[657903,989799,20],
[657903,989799,20],
[657903,989798,20],
[657902,989798,20],
[657902,989797,20],
[657902,989797,20],
[657902,989797,20],
[657901,989796,20],
[657901,989796,20],
[657901,989795,20],
[657901,989795,20],
[657900,989794,20],
[657900,989794,20],
[657900,989793,20],
[657900,989793,20],
[657899,989793,20],
[657899,989792,20],
[657899,989792,20],
[657899,989791,20],
[657899,989791,20],
[657898,989790,20],
[657898,989790,20],
[657898,989790,20],
[657898,989789,20],
[657897,989789,20],
[657897,989788,20],
[657897,989788,19],
[657897,989787,19],
[657896,989787,19],
[657896,989787,19],
[657896,989786,19],
[657896,989786,19],
[657895,989785,19],
[657895,989785,19],
[657895,989784,19],
[657894,989784,19],
[657894,989784,19],
[657894,989783,19],
[657894,989783,19],
[657893,989782,19],
[657893,989782,19],
[657893,989781,19],
[657893,989781,19],
[657892,989781,19],
[657892,989780,19],
[657892,989780,19],
[657892,989779,19],
[657891,989779,19],
[657891,989778,19],
[657891,989778,19],
[657891,989778,19],
[657890,989777,19],
[657890,989777,19],
[657890,989776,19],
[657890,989776,19],
[657889,989775,19],
[657889,989775,19],
[657889,989775,19],
[657889,989774,18],
[657888,989774,18],
[657888,989773,18],
[657888,989773,17],
[657887,989772,17],
[657887,989772,17],
[657887,989772,16],
[657887,989771,16],
[657886,989771,16],
[657886,989770,15],
[657886,989770,15],
[657886,989769,15],
[657885,989769,14],
[657885,989769,14],
[657885,989768,14],
[657885,989768,13],
[657884,989767,13],
[657884,989767,13],
[657884,989766,12],
[657883,989766,12],
[657883,989766,12],
[657883,989765,11],
[657883,989765,11],
[657882,989764,10],
[657882,989764,10],
[657882,989764,10],
[657882,989763,9],
[657881,989763,9],
[657881,989762,9],
[657881,989762,8],
[657880,989761,8],
[657880,989761,8],
[657880,989761,7],
[657880,989760,7],
[657879,989760,7],
[657879,989759,6],
[657879,989759,6],
[657879,989759,6],
[657878,989758,5],
[657878,989758,5],
[657878,989757,5],
[657877,989757,5],
[657877,989756,5],
[657877,989756,5],
[657877,989756,5],
[657876,989755,5],
[657876,989755,5],
[657876,989754,5],
[657875,989754,5],
[657875,989754,5],
[657875,989753,5],
[657875,989753,5],
[657874,989752,5],
[657874,989752,5],
[657874,989752,5],
[657873,989751,5],
[657873,989751,5],
[657873,989750,5],
[657873,989750,5],
[657872,989749,5],
[657872,989749,5],
[657872,989749,5],
[657871,989748,5],
[657871,989748,5],
[657871,989747,5],
[657871,989747,5],
[657870,989747,5],
[657870,989746,5],
[657870,989746,5],
[657869,989745,5],
[657869,989745,5],
[657869,989745,5],
[657869,989744,5],
[657868,989744,5],
[657868,989743,5],
[657868,989743,5],
[657867,989743,5],
[657867,989742,5],
[657867,989742,5],
[657866,989741,5],
[657866,989741,5],
[657866,989741,5],
[657866,989740,5],
[657865,989740,5],
[657865,989739,5],
[657865,989739,5],
[657864,989739,5],
[657864,989738,5],
[657864,989738,5],
[657864,989737,5],
[657863,989737,5],
[657863,989737,5],
[657863,989736,5],
[657862,989736,5],
[657862,989735,5],
[657862,989735,5],
[657861,989735,5],
[657861,989734,5],
[657861,989734,5],
[657861,989733,5],
[657860,989733,5],
[657860,989733,5],
[657860,989732,5],
[657859,989732,5],
[657859,989731,5],
[657859,989731,5],
[657858,989731,5],
[657858,989730,5],
[657858,989730,5],
[657857,989729,5],
[657857,989729,5],
[657857,989729,5],
[657857,989728,5],
[657856,989728,5],
[657856,989727,5],
[657856,989727,5],
[657855,989727,5],
[657855,989726,5],
[657855,989726,5],
[657854,989725,5],
[657854,989725,5],
[657854,989725,5],
[657853,989724,5],
[657853,989724,5],
[657853,989723,5],
[657853,989723,5],
[657852,989723,5],
[657852,989722,5],
[657852,989722,5],
[657851,989722,5],
[657851,989721,5],
[657851,989721,5],
[657850,989720,5],
[657850,989720,5],
[657850,989720,5],
[657849,989719,5],
[657849,989719,5],
[657849,989718,5],
[657848,989718,5],
[657848,989718,5],
[657848,989717,5],
[657847,989717,5],
[657847,989717,5],
[657847,989716,5],
[657846,989716,5],
[657846,989715,5],
[657846,989715,5],
[657846,989715,5],
[657845,989714,5],
[657845,989714,5],
[657845,989713,5],
[657844,989713,5],
[657844,989713,5],
[657844,989712,5],
[657843,989712,5],
[657843,989712,5],
[657843,989711,5],
[657842,989711,5],
[657842,989710,5],
[657842,989710,5],
[657841,989710,5],
[657841,989709,5],
[657841,989709,5],
[657840,989708,5],
[657840,989708,5],
[657840,989708,5],
[657839,989707,5],
[657839,989707,5],
[657839,989707,5],
[657838,989706,5],
[657838,989706,5],
[657838,989705,5],
[657837,989705,5],
[657837,989705,5],
[657837,989704,5],
[657836,989704,5],
[657836,989704,5],
[657836,989703,5],
[657835,989703,5],
[657835,989702,5]]